5.476659775,5.110400677,0,0.1295502633
5.474071026,5.112884045,0,0.1386453956
5.4689641,5.115945816,0,0.1559012979
5.467656612,5.116472244,0,0.1603320092
5.466758728,5.116970539,0,0.1632580459
5.459918976,5.120394707,0,0.1851939708
5.458571434,5.121099472,0,0.1893882304
5.455992222,5.122722626,0,0.1971931458
5.453306675,5.124043941,0,0.2053191662
5.448935509,5.126521587,0,0.2179978043
5.448218822,5.126896858,0,0.2200511992
5.442302704,5.130302906,0,0.2363998741
5.442249298,5.130332947,0,0.2365446091
5.441580772,5.130725384,0,0.2382840812
5.435731888,5.133993149,0,0.253521651
5.435326099,5.134228706,0,0.2545400858
5.42877388,5.137984753,0,0.2704795301
5.427817822,5.138551235,0,0.2726987898
5.421319008,5.142319202,0,0.287280947
5.419398308,5.143491268,0,0.2913309932
5.413437843,5.146855354,0,0.303540647
5.408551216,5.150303364,0,0.3127377331
5.406061649,5.151748657,0,0.3173699379
5.402519703,5.154235363,0,0.3233677447
5.399215221,5.156163692,0,0.328985244
5.396608829,5.157978058,0,0.3329775929
5.392719269,5.160312176,0,0.3389282525
5.38831377,5.163406849,0,0.3449849784
5.386381626,5.164577007,0,0.347642839
5.384596825,5.16582489,0,0.3498201668
5.380000114,5.168663502,0,0.3554269969
5.375655651,5.171750546,0,0.3601082563
5.3743186,5.172573566,0,0.3615503013
5.373045444,5.173480034,0,0.3627540171
5.368549824,5.176314831,0,0.3669860661
5.363762856,5.179730892,0,0.3708609343
5.362883568,5.18028307,0,0.3715760112
5.362081051,5.18085146,0,0.3721270859
5.357251167,5.18392086,0,0.3754225671
5.35215044,5.187556744,0,0.3782706857
5.351758003,5.187806129,0,0.3784908652
5.351388931,5.188065529,0,0.3786538243
5.346256733,5.191336155,0,0.3809052706
5.341081619,5.194957733,0,0.3825712204
5.340823174,5.195121765,0,0.3826551139
5.340569019,5.195298195,0,0.3827084303
5.335339546,5.198611259,0,0.3837947845
5.330207348,5.202149868,0,0.3842938244
5.329901695,5.202341557,0,0.3843239248
5.329596519,5.202549458,0,0.3843208253
5.3244133,5.205783367,0,0.3842632174
5.319378853,5.209172726,0,0.3836774528
5.318959236,5.209431648,0,0.383628875
5.318532944,5.20971489,0,0.3835358322
5.313460827,5.212810516,0,0.3824283481
5.30862236,5.215983391,0,0.3808908463
5.307994366,5.216362953,0,0.3806909025
5.307333946,5.216787338,0,0.3804177046
5.302473068,5.219664574,0,0.3784104288
5.297881603,5.22255373,0,0.3760866523
5.296952248,5.223097801,0,0.3756157756
5.295974255,5.223700523,0,0.3750323951
5.291368008,5.226324081,0,0.3722892702
5.286903381,5.229011536,0,0.3692423999
5.285726547,5.229669094,0,0.368439436
5.284490585,5.230396748,0,0.3674909472
5.28000021,5.232849121,0,0.3640449941
5.276069164,5.235070705,0,0.3607288599
5.274781227,5.235742569,0,0.3596413732
5.273438454,5.236486912,0,0.3584110439
5.269480228,5.23848629,0,0.3547823429
5.265658855,5.240550995,0,0.3510281146
5.264078617,5.241334915,0,0.3494743407
5.262410641,5.242198467,0,0.3477239013
5.258583546,5.244001389,0,0.3437058032
5.255056381,5.245776653,0,0.3397807181
5.25302124,5.246724606,0,0.337513566
5.250762463,5.247812748,0,0.3348631561
5.247407913,5.249291897,0,0.3309267759
5.244442463,5.25066185,0,0.3272786736
5.241782188,5.251820564,0,0.3240063488
5.238779068,5.253162384,0,0.3201589286
5.236139774,5.25425005,0,0.3167779446
5.233775139,5.255256653,0,0.3136294484
5.230482578,5.256556988,0,0.3092452586
5.226926804,5.258039951,0,0.3043594956
5.224790096,5.258845806,0,0.3014242947
5.22274828,5.259638309,0,0.2985324264
5.219042778,5.260946274,0,0.2932814062
5.215370655,5.262353897,0,0.2879395187
5.213257313,5.263076782,0,0.284863174
5.210921764,5.263906956,0,0.281386435
5.20744133,5.26501894,0,0.2762099206
5.20472002,5.26597023,0,0.2720874548
5.201806068,5.266879082,0,0.2676711679
5.197885036,5.268110752,0,0.2616271377
5.196401596,5.268535614,0,0.2593403757
5.195224762,5.268908501,0,0.257502377
5.191011429,5.270113468,0,0.2509187758
5.186149597,5.271492004,0,0.2432456762
5.185542583,5.27164793,0,0.2422880977
5.184981346,5.271805286,0,0.241393134
5.179999828,5.273066998,0,0.2334540039
5.174832821,5.274343491,0,0.2251665592
5.174267769,5.274469852,0,0.224260062
5.173650265,5.27462101,0,0.2232651263
5.168594837,5.27575016,0,0.2151174992
5.164138794,5.276731968,0,0.207912609
5.163122654,5.276935101,0,0.2062693238
5.1616745,5.277237892,0,0.2039236873
5.157792091,5.27799654,0,0.1976351291
5.155626774,5.278399467,0,0.194138974
5.151618958,5.279101849,0,0.1876662225
5.145389557,5.280181885,0,0.177632302
5.144884109,5.280258656,0,0.1768180877
5.144407272,5.280342102,0,0.1760542393
5.138475895,5.281237125,0,0.1665572077
5.133063316,5.281968594,0,0.157957688
5.132309914,5.282054901,0,0.1567617357
5.131438255,5.282176495,0,0.1553914547
5.126289368,5.282792568,0,0.147297442
5.122225285,5.283243179,0,0.140972212
5.12060833,5.283394337,0,0.1384582818
5.118652821,5.283599377,0,0.1354487985
5.115637779,5.283875942,0,0.1308102161
5.111188412,5.28426218,0,0.1240570918
5.110379219,5.284321785,0,0.1228284538
5.109938622,5.284362793,0,0.1221683398
5.104394436,5.284742355,0,0.1138779819
5.099223614,5.285063267,0,0.1062901691
5.09821701,5.285108089,0,0.1048148945
5.097068787,5.285176754,0,0.1031634063
5.092105865,5.28538847,0,0.09602195024
5.087407589,5.285588741,0,0.08941081166
5.086038589,5.285625458,0,0.08748591691
5.084619999,5.285680294,0,0.08553627133
5.079999924,5.285776138,0,0.07918740064
5.075583935,5.285850048,0,0.07326427847
5.074339867,5.285852432,0,0.07159593701
5.073112488,5.285863876,0,0.0699916333
5.068749905,5.285843372,0,0.06429512054
5.064175129,5.285869122,0,0.05847056583
5.063398838,5.285865784,0,0.05748284608
5.062758923,5.285860062,0,0.05668767169
5.058315754,5.285780907,0,0.05117731914
5.055036545,5.285722256,0,0.04722035304
5.052165508,5.285609245,0,0.04377926141
5.047455311,5.285572529,0,0.03831109777
5.045471668,5.285520554,0,0.0360044688
5.043782234,5.285470009,0,0.03411648422
5.039241314,5.285231113,0,0.02904194035
5.034440994,5.285116196,0,0.02388752438
5.033247948,5.285066605,0,0.0226057712
5.032123089,5.28502655,0,0.02144266851
5.027390003,5.28474474,0,0.01654853672
5.022446156,5.28455019,0,0.0116393324
5.021737576,5.284510136,0,0.01093535498
5.021054268,5.284488201,0,0.01028397679
5.016332626,5.284220695,0,0.005777922925
5.012138367,5.284012318,0,0.001919239643
5.011829853,5.283991814,0,0.001636394765
5.005529881,5.283638,0,-0.003907887731
5.005484104,5.283635139,0,-0.003947976511
5.005414009,5.283632755,0,-0.004006282892
4.998400688,5.28322649,0,-0.009848673828
4.992536545,5.282881737,0,-0.01446368638
4.992147446,5.282853127,0,-0.01476952527
4.991722107,5.282835484,0,-0.01508554909
4.98602581,5.282516956,0,-0.01931716315
4.980728149,5.282279015,0,-0.02303606085
4.980000019,5.282230854,0,-0.02354699932
4.979210377,5.282193661,0,-0.02406915091
4.974072456,5.281864643,0,-0.02746634185
4.969370842,5.281625748,0,-0.03039515205
4.968176365,5.281538486,0,-0.03113840148
4.966859818,5.281489372,0,-0.03190632537
4.962342262,5.28124094,0,-0.03454158083
4.958330631,5.281069756,0,-0.03674186766
4.956791878,5.280968189,0,-0.03758420795
4.955265522,5.280915737,0,-0.03837051988
4.9518466,5.280729771,0,-0.04012860358
4.947303295,5.28052187,0,-0.04231895879
4.945748329,5.280445099,0,-0.04306177422
4.943558216,5.280356407,0,-0.04403192922
4.939017296,5.280067921,0,-0.04604833201
4.934617996,5.279913425,0,-0.04783593863
4.932897091,5.279819012,0,-0.04853577539
4.931201935,5.279756546,0,-0.04916833714
4.926919937,5.279494286,0,-0.05076692998
4.922739029,5.279328346,0,-0.05219625682
4.921004295,5.279225826,0,-0.05278908461
4.919208527,5.2791605,0,-0.05334822834
4.915110588,5.278919697,0,-0.05462311953
4.911191463,5.278737545,0,-0.0557321161
4.909249783,5.278610229,0,-0.05628106371
4.907194138,5.278541565,0,-0.05680463836
4.903392792,5.278326511,0,-0.05777365342
4.899801731,5.278134346,0,-0.05859717727
4.897542,5.277967453,0,-0.05911500379
4.895127296,5.2778759,0,-0.05960823596
4.89169836,5.277673244,0,-0.06030834839
4.888441563,5.277478218,0,-0.06089635566
4.885847569,5.277270794,0,-0.06136469916
4.883112431,5.277151108,0,-0.06179795787
4.880000114,5.276965618,0,-0.06229130179
4.877182007,5.276757717,0,-0.06267887354
4.874159813,5.276493549,0,-0.06309427321
4.870654106,5.276293755,0,-0.06350669265
4.868308067,5.276126862,0,-0.06378246844
4.866274357,5.275974274,0,-0.06398457289
4.862463474,5.275636673,0,-0.0643632561
4.858082294,5.275359631,0,-0.0647225678
4.856608868,5.275249004,0,-0.06484337151
4.855313301,5.275146008,0,-0.06492890418
4.850754261,5.274730682,0,-0.06522998959
4.845602036,5.274365425,0,-0.06549402326
4.844900131,5.274308205,0,-0.06553001702
4.844275951,5.274258614,0,-0.06555347145
4.839044571,5.273786068,0,-0.06575030088
4.833197117,5.27334404,0,-0.0658967644
4.833179951,5.273342133,0,-0.06589719653
4.833160877,5.273340702,0,-0.0658974573
4.827310085,5.272810936,0,-0.06597679853
4.82204628,5.272410393,0,-0.06599312276
4.821439266,5.272351265,0,-0.0659950003
4.820760727,5.272304535,0,-0.06599067152
4.81554842,5.271834373,0,-0.06595744193
4.810860157,5.2714715,0,-0.06588728726
4.809658051,5.271352291,0,-0.06586927176
4.808316231,5.271264553,0,-0.06583886594
4.803743839,5.270869732,0,-0.06573534757
4.799612045,5.270550728,0,-0.06561330706
4.797818661,5.270375729,0,-0.06556030363
4.795820236,5.270254612,0,-0.06548893452
4.79188633,5.269931316,0,-0.06534828991
4.78834343,5.269652843,0,-0.06520233303
4.785948277,5.269417763,0,-0.06510362029
4.783270836,5.26926899,0,-0.06498039514
4.78000021,5.269032955,0,-0.06482990086
4.776650906,5.268770695,0,-0.06466166675
4.774337292,5.268553734,0,-0.06454543769
4.772554398,5.268464088,0,-0.06444930285
4.768679142,5.268176079,0,-0.0642401278
4.763613224,5.267807961,0,-0.06395016611
4.763024807,5.267754078,0,-0.06391648948
4.762578487,5.267733097,0,-0.06388963014
4.757370949,5.267355919,0,-0.06357631087
4.752649307,5.267030716,0,-0.06327909231
4.751749992,5.266963959,0,-0.06322240829
4.750567913,5.266882896,0,-0.06314489245
4.746158123,5.266563892,0,-0.06285595149
4.742798805,5.266338825,0,-0.06262718886
4.740596771,5.266176224,0,-0.06247730926
4.737784386,5.265981674,0,-0.06227918342
4.735041142,5.265781879,0,-0.06208608299
4.732870579,5.26563549,0,-0.0619279258
4.729492188,5.265380859,0,-0.06168145314
4.725292206,5.265083313,0,-0.06136441976
4.723950386,5.2649827,0,-0.06126312539
4.722868919,5.264909267,0,-0.06117855757
4.71842432,5.264564514,0,-0.06083033234
4.712979317,5.264167309,0,-0.06038841233
4.712901115,5.26416111,0,-0.06038207933
4.712837219,5.264156818,0,-0.06037668511
4.707388878,5.263719559,0,-0.05991613865
4.70275116,5.2633605,0,-0.05950780213
4.701889515,5.263267994,0,-0.05943184718
4.700864315,5.263203144,0,-0.05933756009
4.69639349,5.262827873,0,-0.05892656744
4.69262886,5.262528419,0,-0.05856352672
4.690919399,5.26234293,0,-0.05839858949
4.688931942,5.262215137,0,-0.05819731578
4.685451984,5.261907101,0,-0.05784462765
4.682465553,5.261689186,0,-0.05752581358
4.679999828,5.261434555,0,-0.0572623983
4.677109241,5.261197567,0,-0.05693576485
4.674352169,5.260909081,0,-0.05662438646
4.671840191,5.260674,0,-0.05632334948
4.668711185,5.260297298,0,-0.05594864115
4.665260792,5.260020256,0,-0.05550823361
4.663089275,5.259800434,0,-0.05523111299
4.66113615,5.259596825,0,-0.05496569723
4.657479286,5.259129524,0,-0.05446872115
4.653372288,5.258738995,0,-0.05387249589
4.651879787,5.258566856,0,-0.05365582928
4.650559425,5.258409977,0,-0.05345099419
4.646296978,5.257821083,0,-0.05278939009
4.641430855,5.257232666,0,-0.05198051035
4.640725136,5.257133007,0,-0.05186336488
4.640111446,5.257052898,0,-0.05175419524
4.635162354,5.25632,0,-0.05087409168
4.629790306,5.25551033,0,-0.04985163361
4.629608631,5.255477428,0,-0.04981695488
4.629393101,5.255446434,0,-0.04977299646
4.624076843,5.254538536,0,-0.04868720099
4.619643688,5.253742218,0,-0.04771917313
4.618555546,5.253520012,0,-0.0474813506
4.61722517,5.25327301,0,-0.0471698381
4.613040447,5.252373219,0,-0.0461907126
4.609703064,5.251718044,0,-0.04535462707
4.607494354,5.251223087,0,-0.04480074719
4.604690075,5.250580788,0,-0.04405010119
4.60191679,5.249855518,0,-0.04330831766
4.599773884,5.249344826,0,-0.04269513488
4.596328735,5.248426437,0,-0.04170703888
4.592032433,5.247297764,0,-0.04039170593
4.590785503,5.246927261,0,-0.04001017287
4.589808464,5.246638775,0,-0.03969149664
4.585340977,5.245189667,0,-0.0382348597
4.580147743,5.243672371,0,-0.03643467277
4.579999924,5.243623257,0,-0.0363834016
4.579779148,5.243549824,0,-0.03630205244
4.57494688,5.241764069,0,-0.03452480957
4.572300911,5.240775108,0,-0.03349480033
4.569046974,5.239459515,0,-0.03222259879
4.565006256,5.237965584,0,-0.03054016642
4.562796593,5.237017155,0,-0.02961636335
4.559733868,5.235815525,0,-0.02825373225
4.55713129,5.234663486,0,-0.02710151859
4.555681705,5.234065056,0,-0.02642683871
4.551690102,5.232162952,0,-0.02454491891
4.547515869,5.230352879,0,-0.02248261124
4.546026707,5.229604244,0,-0.02173755318
4.543131828,5.228304863,0,-0.02021647058
4.540348053,5.226862907,0,-0.01876148582
4.538729668,5.22613287,0,-0.01787417196
4.534788609,5.224027157,0,-0.01569082402
4.529970169,5.221766949,0,-0.01289228257
4.529273987,5.22137785,0,-0.01248440798
4.528049946,5.220784187,0,-0.01173559111
4.523940086,5.218462944,0,-0.009228141978
4.521418571,5.217233658,0,-0.007627225947
4.518651009,5.215622425,0,-0.005855401047
4.513840199,5.213247299,0,-0.002644278109
4.513346672,5.212957859,0,-0.002315843012
4.513041496,5.212806702,0,-0.002105072141
4.508235931,5.209935665,0,0.001245531603
4.504873276,5.20826149,0,0.003677281784
4.503115177,5.207180977,0,0.004954751581
4.499977589,5.205596924,0,0.007320166565
4.498157501,5.20446682,0,0.008688870817
4.497086525,5.203941822,0,0.00952058658
4.493523598,5.201717377,0,0.01230408438
4.490252018,5.200137138,0,0.01493627485
4.489350796,5.199570656,0,0.01566210389
4.487856388,5.198442936,0,0.0169055853
4.484695435,5.195683479,0,0.0195259396
4.482072353,5.191719055,0,0.02176192217
4.481514931,5.190760136,0,0.02223693952
4.481318474,5.189914703,0,0.02240677737
4.480310917,5.184797764,0,0.02327489853
4.480031013,5.180438042,0,0.0235199295
5.479827404,5.103112698,0,0.1183434427
5.47967577,5.103506565,0,0.1188787892
5.476659775,5.110400677,0,0.1295502633
4.480031013,5.180438042,0,0.0235199295
4.480035782,5.180178642,0,0.02351605333
4.480133057,5.177894592,0,0.02343217842
4.480302334,5.174764156,0,0.02328572236
4.480340958,5.174525261,0,0.02325193398
4.480746269,5.173195362,0,0.02290161699
4.481898785,5.169692993,0,0.02190536633
4.482543945,5.168691158,0,0.02135656029
4.484736443,5.165984154,0,0.01949052326
4.488371372,5.163162231,0,0.0164728798
4.489346981,5.162551403,0,0.01566505432
4.490181446,5.162131786,0,0.0149947498
4.493574619,5.160877705,0,0.01226506568
4.496070385,5.159627914,0,0.01031229086
4.498209476,5.158847332,0,0.00864772778
4.501199245,5.157390594,0,0.006397530902
4.503101826,5.156678677,0,0.004962505773
4.504354954,5.156075478,0,0.004052085336
4.508226395,5.1546731,0,0.001253367751
4.512816906,5.152565002,0,-0.00194643077
4.513354301,5.152373791,0,-0.002317794599
4.514173985,5.152010441,0,-0.002863558708
4.518655777,5.150440693,0,-0.005857194308
4.521307945,5.149281502,0,-0.007555578835
4.523961544,5.148375034,0,-0.009241319261
4.52826786,5.146582127,0,-0.01186856441
4.529279232,5.146241665,0,-0.01248795353
4.529862881,5.1460042,0,-0.01282908116
4.53478241,5.144441128,0,-0.01568185166
4.538662434,5.142957687,0,-0.01783378236
4.540323734,5.142464638,0,-0.01874554157
4.543134212,5.141441822,0,-0.0202162303
4.54599762,5.14059782,0,-0.0217220895
4.547502041,5.140079498,0,-0.02247581258
4.551666737,5.138931274,0,-0.02453428879
4.555719852,5.137639523,0,-0.02644434385
4.557128429,5.137280464,0,-0.02710024826
4.55966711,5.136556149,0,-0.02822368965
4.562802315,5.135818481,0,-0.02961843275
4.565037251,5.135213375,0,-0.03055219166
4.569056988,5.13436842,0,-0.0322248973
4.572300911,5.133572578,0,-0.03349470347
4.57494688,5.13300705,0,-0.0345255509
4.579779148,5.131975174,0,-0.03630208969
4.579999924,5.13193655,0,-0.0363834016
4.580159664,5.131908894,0,-0.03643886
4.585509777,5.131186962,0,-0.03829250857
4.590561867,5.130336285,0,-0.03993615881
4.591119289,5.130258083,0,-0.04011749849
4.591756344,5.130171776,0,-0.04031151533
4.596842766,5.129650116,0,-0.04185977578
4.601523399,5.129120827,0,-0.04318870604
4.602647305,5.129024029,0,-0.04350819811
4.603878498,5.128893852,0,-0.04383461177
4.60849905,5.128547668,0,-0.04506059363
4.612826824,5.128258705,0,-0.04612763971
4.614415646,5.128193855,0,-0.04651971534
4.616127014,5.128073692,0,-0.04691236839
4.620360851,5.127907753,0,-0.04788376018
4.624368191,5.127759933,0,-0.04873881117
4.626316547,5.127738476,0,-0.04915448651
4.62835598,5.127670288,0,-0.04955831543
4.632292747,5.127646923,0,-0.05033746734
4.636088371,5.127573013,0,-0.05103446543
4.638278008,5.127580643,0,-0.05143671483
4.640556335,5.127572536,0,-0.05182537064
4.644272804,5.127645969,0,-0.05245959014
4.647854328,5.127623081,0,-0.0530282855
4.650251865,5.127658844,0,-0.05340886489
4.652742863,5.127713203,0,-0.05377673358
4.656229973,5.127860546,0,-0.05429150164
4.659573555,5.127868652,0,-0.05475229397
4.662182331,5.127941132,0,-0.05511161312
4.664910316,5.128032207,0,-0.05546259135
4.668129921,5.128212452,0,-0.05587662756
4.671226978,5.128235817,0,-0.05624922365
4.674069881,5.128333092,0,-0.05659134686
4.677053452,5.128407478,0,-0.05692895129
4.679999828,5.128547668,0,-0.0572623983
4.682786465,5.12861824,0,-0.05755953863
4.685751915,5.128779888,0,-0.05787577853
4.688662529,5.128902912,0,-0.05816951022
4.691567421,5.129092693,0,-0.05846255273
4.694689751,5.129142761,0,-0.05876099318
4.697467804,5.129256248,0,-0.05902707577
4.699714184,5.129354954,0,-0.05923192948
4.703320503,5.129562378,0,-0.05956004187
4.708954811,5.129765034,0,-0.06005041674
4.708984375,5.129766464,0,-0.06005296111
4.709079742,5.129769802,0,-0.06006089598
4.715084553,5.13004446,0,-0.06056065112
4.716327667,5.130104065,0,-0.06066206843
4.719242573,5.130248547,0,-0.06089237705
4.722836018,5.130456448,0,-0.0611769557
4.725429535,5.130544186,0,-0.06137392297
4.728767395,5.13070631,0,-0.06162718683
4.732365131,5.130887985,0,-0.06189041585
4.734548092,5.131013393,0,-0.06205037981
4.736624718,5.131098747,0,-0.06219725311
4.740298271,5.131299496,0,-0.06245695055
4.743981361,5.131487846,0,-0.06270777434
4.74604845,5.131604195,0,-0.06284859031
4.748162746,5.131708145,0,-0.06298728287
4.751796246,5.131931782,0,-0.06322557479
4.755248547,5.132092953,0,-0.06344263256
4.757526875,5.132215977,0,-0.06358586997
4.760015011,5.132351398,0,-0.06373549253
4.763201237,5.132565975,0,-0.06392722577
4.766158104,5.132696152,0,-0.06409603357
4.76883173,5.132845879,0,-0.06424862146
4.771611214,5.132998466,0,-0.06439839303
4.774422646,5.133200169,0,-0.06454981118
4.777146339,5.133301735,0,-0.06468664855
4.78000021,5.13344717,0,-0.06482990086
4.782839298,5.133622169,0,-0.06496065855
4.785847187,5.133856773,0,-0.0650992468
4.789310455,5.134001255,0,-0.06524240226
4.79169178,5.134136677,0,-0.06534083933
4.793766022,5.134255886,0,-0.06541546434
4.797540188,5.13453722,0,-0.06555109471
4.801858902,5.134734631,0,-0.06568024307
4.803390026,5.134828091,0,-0.06572601199
4.804736137,5.13491106,0,-0.06575713307
4.809239864,5.135252476,0,-0.06586126238
4.814346313,5.135518074,0,-0.06594073027
4.815090179,5.135566235,0,-0.06595230103
4.815747261,5.135610104,0,-0.06595696509
4.820950031,5.136012077,0,-0.06599389762
4.826802731,5.136366844,0,-0.06598063558
4.826819897,5.136368275,0,-0.06598059833
4.826839447,5.136369228,0,-0.06598035246
4.832689762,5.136846542,0,-0.06590630114
4.837930202,5.137225151,0,-0.06578028947
4.838570595,5.137283802,0,-0.06576488167
4.839289188,5.137330532,0,-0.06573858112
4.844455719,5.137780666,0,-0.06554953009
4.849102974,5.138166904,0,-0.06531637162
4.85036087,5.138298512,0,-0.06525321305
4.851764202,5.138400078,0,-0.06516174972
4.856266022,5.138828278,0,-0.06486836076
4.8603158,5.139224052,0,-0.064539738
4.8621912,5.139447689,0,-0.06438747048
4.864287376,5.139630795,0,-0.06418091804
4.868127346,5.140040398,0,-0.06380253285
4.871599674,5.140429497,0,-0.06339521706
4.874062538,5.140751839,0,-0.06310646236
4.876767159,5.141018867,0,-0.06273508072
4.880000114,5.141384602,0,-0.06229130179
4.88296032,5.141771793,0,-0.06182324514
4.885749817,5.142179966,0,-0.06138192862
4.888579369,5.142505169,0,-0.06087272614
4.891437531,5.142886162,0,-0.06035775319
4.894429207,5.14329958,0,-0.05975135416
4.89705658,5.143711567,0,-0.05921994522
4.899247646,5.143986702,0,-0.05872551352
4.902680874,5.144482613,0,-0.05794669688
4.907466412,5.145179749,0,-0.05673829094
4.908631325,5.145376205,0,-0.05644536763
4.909561634,5.145508766,0,-0.05618561059
4.914809704,5.146361828,0,-0.05471307784
4.920207024,5.147136211,0,-0.053038124
4.920909882,5.14725256,0,-0.05282023549
4.921630859,5.147363663,0,-0.05257395655
4.926922798,5.148276329,0,-0.05076569691
4.932008266,5.149015903,0,-0.04886776581
4.932928562,5.149170876,0,-0.04852447659
4.933883667,5.14932394,0,-0.04813627526
4.938976765,5.150235176,0,-0.04606512934
4.943898678,5.150949001,0,-0.04389122501
4.945199966,5.15116787,0,-0.04331690073
4.946459293,5.151373386,0,-0.04271582887
4.951584816,5.152305603,0,-0.04025981203
4.95716095,5.153131962,0,-0.03738352284
4.957445145,5.153177261,0,-0.03723555431
4.957873821,5.153239727,0,-0.03699837252
4.962968349,5.154094219,0,-0.03418994695
4.967384338,5.154773712,0,-0.0315955542
4.968514919,5.154968262,0,-0.03093087673
4.969604015,5.155113697,0,-0.0302521009
4.974209785,5.15582943,0,-0.02737890929
4.979225159,5.156545162,0,-0.02405977249
4.980000019,5.156668186,0,-0.02354699932
4.980744839,5.156769753,0,-0.02302398905
4.986010075,5.157588959,0,-0.01932723448
4.991468906,5.158355236,0,-0.01527345926
4.992021084,5.15844059,0,-0.01486333366
4.992552757,5.15850544,0,-0.01444642432
4.998040199,5.15925312,0,-0.01014201716
5.003673553,5.159988403,0,-0.005482421257
5.004021168,5.160036087,0,-0.005194480531
5.004358768,5.160076141,0,-0.004901336506
5.009999275,5.160803795,0,-6.379816e-07
5.015799522,5.161467552,0,0.005285770167
5.015910149,5.161480904,0,0.005386527162
5.016016006,5.161492825,0,0.005487592425
5.0218153,5.162224293,0,0.01101086568
5.027479649,5.162783623,0,0.01664306223
5.027672291,5.162806988,0,0.01683482528
5.027875423,5.162828445,0,0.0170454178
5.033518314,5.163511753,0,0.0228837952
5.038783073,5.163947105,0,0.02855020948
5.039336205,5.164005756,0,0.02914579026
5.039921761,5.164062977,0,0.02979896404
5.045157433,5.164674282,0,0.03564480692
5.050113201,5.165053368,0,0.04137270898
5.050978661,5.16513586,0,0.042373579
5.051882267,5.165216446,0,0.04345445335
5.056792736,5.165719986,0,0.04932457581
5.061497688,5.166047573,0,0.05512429774
5.062607765,5.166141033,0,0.05649267882
5.063753605,5.166229725,0,0.05794626847
5.06842041,5.166646004,0,0.06386515498
5.072931767,5.166932583,0,0.06975925714
5.074213505,5.167034149,0,0.07143376768
5.07552433,5.167105198,0,0.07319054753
5.079999924,5.167414188,0,0.07918740064
5.084389687,5.167666435,0,0.08521588892
5.085936069,5.167782784,0,0.08733931184
5.087574959,5.167864323,0,0.08964485675
5.091847897,5.168143749,0,0.09565557539
5.095854282,5.168313503,0,0.1014128849
5.097732067,5.16842556,0,0.1041087657
5.09971714,5.168492794,0,0.1070184261
5.103605747,5.168690205,0,0.1127146333
5.107252598,5.168799877,0,0.1181520745
5.109470367,5.168903828,0,0.1214599684
5.111845493,5.168952942,0,0.1250630021
5.115337372,5.16908741,0,0.1303625852
5.118578434,5.169126511,0,0.1353440434
5.121220589,5.169206142,0,0.139405936
5.124108315,5.169222832,0,0.1439000368
5.127112389,5.169299603,0,0.1485777646
5.129855633,5.169284821,0,0.1529038846
5.133001328,5.169327736,0,0.157862857
5.136461258,5.169296265,0,0.1633644998
5.138879776,5.169323444,0,0.1672088206
5.141055584,5.1692729,0,0.1706885099
5.144776821,5.169257641,0,0.1766404212
5.148945332,5.169152737,0,0.183358863
5.1506567,5.169147491,0,0.186116457
5.152168751,5.16907692,0,0.1885570735
5.156554222,5.168966293,0,0.1956378818
5.161542892,5.16876936,0,0.2037100047
5.162431717,5.168754578,0,0.2051493973
5.163199902,5.168702602,0,0.2063908726
5.168310642,5.168471813,0,0.2146554738
5.174143314,5.168139458,0,0.2240630388
5.174160004,5.168138981,0,0.2240899801
5.174179077,5.16813755,0,0.2241208404
5.179999828,5.167763233,0,0.2334540039
5.185622215,5.167320728,0,0.242416054
5.185750008,5.167313576,0,0.2426200211
5.185904503,5.167297363,0,0.2428638488
5.191471577,5.166867256,0,0.2516483068
5.196026802,5.166407585,0,0.2587507069
5.197163105,5.166324615,0,0.260522455
5.198523521,5.166160107,0,0.2626140714
5.202836037,5.165770054,0,0.2692421377
5.206379414,5.165316105,0,0.2745981812
5.208490372,5.165109634,0,0.2777867615
5.211027622,5.164770126,0,0.2815490961
5.214112759,5.164463997,0,0.2861233354
5.216626167,5.164088249,0,0.289767772
5.219721317,5.163711548,0,0.2942495644
5.223505974,5.163155079,0,0.2995943129
5.225299358,5.162946701,0,0.3021271527
5.226748466,5.162718296,0,0.3041184843
5.230852127,5.162160873,0,0.3097530007
5.235949516,5.161275864,0,0.3165201247
5.236410618,5.161211967,0,0.3171322644
5.236783028,5.161148071,0,0.317609489
5.241934299,5.160429955,0,0.3242016137
5.246756554,5.159514904,0,0.3301287293
5.247471333,5.159403324,0,0.3310069442
5.248362064,5.15923214,0,0.3320505917
5.252985001,5.158508301,0,0.3374691606
5.256745338,5.157771111,0,0.3416576684
5.258494854,5.157470226,0,0.3436046243
5.260652542,5.157015324,0,0.3458718359
5.263963699,5.156445503,0,0.3493553102
5.266648293,5.155878544,0,0.3520028293
5.269385338,5.155403614,0,0.3546991348
5.272758007,5.154629707,0,0.3577857912
5.274748325,5.154263496,0,0.3596078455
5.276350975,5.153893471,0,0.3609621525
5.28000021,5.153211117,0,0.3640449941
5.284490585,5.152183533,0,0.3674909472
5.285726547,5.15195322,0,0.368439436
5.286907196,5.151673794,0,0.3692448437
5.291368008,5.150807381,0,0.3722892404
5.295970917,5.149674892,0,0.3750305474
5.296952248,5.149479389,0,0.3756157756
5.297881603,5.149245262,0,0.3760865033
5.302473068,5.148296356,0,0.3784094155
5.307309628,5.147033691,0,0.3804103434
5.307983875,5.146892071,0,0.3806898594
5.30862999,5.146718979,0,0.380894959
5.313456059,5.145672321,0,0.3824263811
5.318515778,5.144268513,0,0.383531034
5.318958759,5.144169807,0,0.3836278915
5.319394588,5.144045353,0,0.3836784065
5.324403763,5.142902374,0,0.3842627108
5.329595089,5.141388416,0,0.3843207657
5.329901218,5.141316891,0,0.3843239248
5.330206871,5.141224861,0,0.3842939436
5.335334301,5.139989853,0,0.3837963343
5.340565205,5.138383389,0,0.3827080131
5.34080267,5.138324738,0,0.3826582134
5.341044426,5.138247967,0,0.3825801015
5.346236229,5.136933804,0,0.3809116185
5.351410389,5.135262966,0,0.3786468506
5.351747036,5.135175228,0,0.3784983456
5.35210371,5.135056973,0,0.3782980144
5.35724926,5.133731365,0,0.3754241168
5.362105846,5.13207674,0,0.372110635
5.362891674,5.131865025,0,0.371571064
5.363753319,5.131560802,0,0.3708693087
5.368553162,5.130279064,0,0.3669818342
5.373049259,5.128677845,0,0.3627485037
5.3743186,5.128329277,0,0.3615494668
5.375655651,5.127830505,0,0.3601075113
5.380000114,5.126626492,0,0.3554269969
5.384595871,5.124929428,0,0.349819839
5.38636446,5.124420166,0,0.3476614356
5.388267994,5.123693943,0,0.3450435102
5.392688274,5.122436047,0,0.3389720321
5.396605015,5.120941639,0,0.3329827487
5.399175167,5.120209694,0,0.3290473521
5.402454376,5.118914604,0,0.3234764934
5.406045437,5.117920876,0,0.3173969984
5.408557892,5.116950035,0,0.3127316236
5.413440228,5.115682125,0,0.303553462
5.419400215,5.113360405,0,0.2913333476
5.421318054,5.11271143,0,0.2872852981
5.427815914,5.11039114,0,0.2726835012
5.428759098,5.11007452,0,0.2704920769
5.435332298,5.107813358,0,0.2545283437
5.435726643,5.107684135,0,0.2535405755
5.441253662,5.105819702,0,0.2391289622
5.442228794,5.105518341,0,0.2365886271
5.44230938,5.105492592,0,0.2363720089
5.448192596,5.10375452,0,0.2201343477
5.448963165,5.103496552,0,0.2179279625
5.453275204,5.102275848,0,0.2054169029
5.456134319,5.101306915,0,0.1967662275
5.458589554,5.100824356,0,0.1893378347
5.459835529,5.100478172,0,0.1854623854
5.466768265,5.098473072,0,0.1632378697
5.467738152,5.09828949,0,0.1600785255
5.469665051,5.097539425,0,0.1535550505
5.474076271,5.096876621,0,0.1386433244
5.478112698,5.097813129,0,0.12443652
5.478425503,5.098635197,0,0.123352997
5.479785442,5.102972507,0,0.1184983775
5.479827404,5.103112698,0,0.1183434427
