5.476659775,5.15749836,0,-0.5397436023
5.474071026,5.157959461,0,-0.5313069224
5.4689641,5.157068729,0,-0.5143946409
5.467656612,5.156581402,0,-0.5100659132
5.466758728,5.156392574,0,-0.5070509911
5.459918976,5.154602528,0,-0.4839618802
5.458571434,5.154292583,0,-0.4793829024
5.455992222,5.153996468,0,-0.4705568552
5.453306675,5.153318882,0,-0.4613672495
5.448935509,5.152587414,0,-0.4462979734
5.448218822,5.152439117,0,-0.4438199103
5.442302704,5.151576519,0,-0.4232606292
5.442249298,5.151567936,0,-0.4230741858
5.441580772,5.151490211,0,-0.4207387865
5.435731888,5.150643349,0,-0.4003052115
5.435326099,5.150596619,0,-0.3988821805
5.42877388,5.149852753,0,-0.3759017289
5.427817822,5.149775982,0,-0.372549355
5.421319008,5.149229527,0,-0.3497586548
5.419398308,5.149154663,0,-0.343033731
5.413437843,5.148696899,0,-0.3221840858
5.408551216,5.1491189,0,-0.3051431775
5.406061649,5.149026871,0,-0.2964615226
5.402519703,5.149404049,0,-0.2842058539
5.399215221,5.149358273,0,-0.272762388
5.396608829,5.149680614,0,-0.263825506
5.392719269,5.149788857,0,-0.250489831
5.38831377,5.150453091,0,-0.2355311811
5.386381626,5.150558472,0,-0.2289713323
5.384596825,5.150868416,0,-0.2229936868
5.380000114,5.151289463,0,-0.2075989991
5.375655651,5.152177811,0,-0.1932259053
5.3743186,5.152322769,0,-0.1888019592
5.373045444,5.152610779,0,-0.1846513301
5.368549824,5.15326786,0,-0.1700104028
5.363762856,5.154468536,0,-0.1546726376
5.362883568,5.154613018,0,-0.151854232
5.362081051,5.154826164,0,-0.1493223906
5.357251167,5.155759335,0,-0.1340919137
5.35215044,5.157245159,0,-0.1183113977
5.351758003,5.157329559,0,-0.1170983985
5.351388931,5.157441139,0,-0.1159783602
5.346256733,5.15866375,0,-0.1004067734
5.341081619,5.160316944,0,-0.08504112065
5.340823174,5.160382748,0,-0.0842724964
5.340569019,5.160468102,0,-0.08353444934
5.335339546,5.161907673,0,-0.068368949
5.330207348,5.163713455,0,-0.05382720008
5.329901695,5.163802147,0,-0.05296139419
5.329596519,5.163913727,0,-0.05211935565
5.3244133,5.165509701,0,-0.03780250996
5.319378853,5.167416573,0,-0.02428168431
5.318959236,5.167551041,0,-0.02315524407
5.318532944,5.167717457,0,-0.02204295062
5.313460827,5.169415951,0,-0.008809297346
5.30862236,5.171352386,0,0.003444155678
5.307994366,5.171571732,0,0.005035928916
5.307333946,5.171842098,0,0.006652746815
5.302473068,5.173584461,0,0.0185498409
5.297881603,5.175491333,0,0.02941338345
5.296952248,5.175835609,0,0.03161177412
5.295974255,5.176249981,0,0.0338428691
5.291368008,5.177984238,0,0.04434268177
5.286903381,5.179895401,0,0.05412990227
5.285726547,5.180348873,0,0.05670775846
5.284490585,5.180888176,0,0.05930822343
5.28000021,5.182659149,0,0.06875730306
5.276069164,5.184353828,0,0.07667315006
5.274781227,5.1848526,0,0.0792689994
5.273438454,5.185440063,0,0.0818644762
5.269480228,5.186976433,0,0.08951922506
5.265658855,5.188665867,0,0.09655641764
5.264078617,5.189294815,0,0.09946861118
5.262410641,5.19002533,0,0.1023951322
5.258583546,5.191521645,0,0.1091144606
5.255056381,5.193074226,0,0.1149875447
5.25302124,5.193894863,0,0.1183772311
5.250762463,5.194882393,0,0.1219308525
5.247407913,5.196215153,0,0.1272138804
5.244442463,5.197502613,0,0.1316136122
5.241782188,5.198587894,0,0.1355551481
5.238779068,5.199895382,0,0.139726311
5.236139774,5.200950146,0,0.143395409
5.233775139,5.201969624,0,0.1464697123
5.230482578,5.203287125,0,0.1507472992
5.226926804,5.204845428,0,0.155036658
5.224790096,5.205696106,0,0.1576145291
5.22274828,5.206562996,0,0.159893021
5.219042778,5.208006382,0,0.164031446
5.215370655,5.209593296,0,0.1678009033
5.213257313,5.210420132,0,0.1699678898
5.210921764,5.211402416,0,0.1721489877
5.20744133,5.212743282,0,0.1754066944
5.20472002,5.213910103,0,0.1777164489
5.201806068,5.215051651,0,0.1801746339
5.197885036,5.216636181,0,0.1831665486
5.196401596,5.217193604,0,0.1843028665
5.195224762,5.217688084,0,0.1851089001
5.191011429,5.219332218,0,0.1879877597
5.186149597,5.221253872,0,0.1909228414
5.185542583,5.221477985,0,0.1912895441
5.184981346,5.221705914,0,0.1915847063
5.179999828,5.223596573,0,0.1942020059
5.174832821,5.225568295,0,0.1965096742
5.174267769,5.225769997,0,0.1967619658
5.173650265,5.226011276,0,0.196989283
5.168594837,5.227871418,0,0.1988527179
5.164138794,5.229533672,0,0.2001682818
5.163122654,5.229891777,0,0.2004666626
5.1616745,5.230430126,0,0.2007881105
5.157792091,5.23182106,0,0.2016649097
5.155626774,5.232591629,0,0.2020129561
5.151618958,5.23398304,0,0.2026088834
5.145389557,5.236173153,0,0.2030752301
5.144884109,5.236339569,0,0.2031142116
5.144407272,5.236511707,0,0.2031131834
5.138475895,5.238507748,0,0.2031048387
5.133063316,5.240286827,0,0.2027176619
5.132309914,5.24051857,0,0.2026629299
5.131438255,5.240813255,0,0.2025427371
5.126289368,5.242450714,0,0.2018416673
5.122225285,5.243723869,0,0.2010485977
5.12060833,5.244204521,0,0.2007270008
5.118652821,5.244817734,0,0.2002410442
5.115637779,5.245721817,0,0.1994939595
5.111188412,5.247037411,0,0.1981773823
5.110379219,5.247265339,0,0.1979395449
5.109938622,5.247399807,0,0.197790578
5.104394436,5.248966694,0,0.1958703548
5.099223614,5.250403881,0,0.1938238591
5.09821701,5.250665188,0,0.1934230179
5.097068787,5.250984669,0,0.1929107755
5.092105865,5.252279282,0,0.1907019168
5.087407589,5.253518581,0,0.1883996278
5.086038589,5.253857613,0,0.1877281815
5.084619999,5.2542243,0,0.1869733185
5.079999924,5.255335808,0,0.1845159978
5.075583935,5.256385326,0,0.181999892
5.074339867,5.256663799,0,0.1812912226
5.073112488,5.256946087,0,0.1805515885
5.068749905,5.257891655,0,0.1779243648
5.064175129,5.258927822,0,0.1750294119
5.063398838,5.259096622,0,0.1745385677
5.062758923,5.259230614,0,0.1741174906
5.058315754,5.260126591,0,0.1711845249
5.055036545,5.260787487,0,0.1689451635
5.052165508,5.261302948,0,0.1669731587
5.047455311,5.262290955,0,0.1636175066
5.045471668,5.262669086,0,0.1622058302
5.043782234,5.262979984,0,0.1609623432
5.039241314,5.263709068,0,0.1576189697
5.034440994,5.264605522,0,0.1539951861
5.033247948,5.264807701,0,0.1530942619
5.032123089,5.265005112,0,0.1522252858
5.027390003,5.265720367,0,0.148569271
5.022446156,5.266545296,0,0.1446848363
5.021737576,5.266650677,0,0.1441277862
5.021054268,5.266767025,0,0.1435837448
5.016332626,5.267455101,0,0.1398203373
5.012138367,5.268078804,0,0.1364413202
5.011829853,5.268119812,0,0.1361927837
5.005529881,5.269000053,0,0.131080538
5.005484104,5.269006252,0,0.1310432404
5.005414009,5.26901722,0,0.1309858412
4.998400688,5.269946575,0,0.1252486408
4.992536545,5.270699978,0,0.1204258949
4.992147446,5.27074337,0,0.1201062724
4.991722107,5.270802498,0,0.1197565123
4.98602581,5.271506786,0,0.1150738373
4.980728149,5.272201061,0,0.1107183993
4.980000019,5.272280693,0,0.1101199985
4.979210377,5.272379398,0,0.1094732434
4.974072456,5.272934914,0,0.1052658111
4.969370842,5.273478508,0,0.1014301851
4.968176365,5.273590565,0,0.100456506
4.966859818,5.273753166,0,0.09939226508
4.962342262,5.274230003,0,0.09574235231
4.958330631,5.274682522,0,0.09252180159
4.956791878,5.274818897,0,0.09128684551
4.955265522,5.275000095,0,0.09007486701
4.9518466,5.275335789,0,0.08736089617
4.947303295,5.27578783,0,0.08379428834
4.945748329,5.27593708,0,0.08257587999
4.943558216,5.276154518,0,0.08088159561
4.939017296,5.276508808,0,0.07736615837
4.934617996,5.276941776,0,0.07402290404
4.932897091,5.277080059,0,0.07271444052
4.931201935,5.277235031,0,0.07144825161
4.926919937,5.277527809,0,0.06824859977
4.922739029,5.277882099,0,0.06518114358
4.921004295,5.277996063,0,0.06390880793
4.919208527,5.278147221,0,0.06261847913
4.915110588,5.278396606,0,0.05967737734
4.911191463,5.278659344,0,0.05691785738
4.909249783,5.278752327,0,0.05555134639
4.907194138,5.278906345,0,0.0541398488
4.903392792,5.279106617,0,0.05152840167
4.899801731,5.279288769,0,0.0491129905
4.897542,5.279357433,0,0.04759382084
4.895127296,5.27950573,0,0.04601004347
4.89169836,5.279643059,0,0.04376263171
4.888441563,5.27974844,0,0.0416825451
4.885847569,5.279783249,0,0.04002539814
4.883112431,5.279913902,0,0.03832239658
4.880000114,5.280013084,0,0.0363834016
4.877182007,5.280048847,0,0.03467460349
4.874159813,5.280040741,0,0.0328431204
4.870654106,5.280125618,0,0.03077861108
4.868308067,5.280146599,0,0.02939798869
4.866274357,5.280154228,0,0.02823169902
4.862463474,5.280116558,0,0.02604678459
4.858082294,5.280153751,0,0.02361009084
4.856608868,5.280148983,0,0.02279080637
4.855313301,5.280138969,0,0.0220910944
4.850754261,5.280050755,0,0.01962844469
4.845602036,5.280019283,0,0.01692523807
4.844900131,5.280008793,0,0.01655672677
4.844275951,5.279997826,0,0.01623890735
4.839044571,5.279856205,0,0.013572447
4.833197117,5.279772282,0,0.01068054326
4.833179951,5.279771805,0,0.01067199837
4.833160877,5.279771805,0,0.0106627401
4.827310085,5.279571056,0,0.00785289146
4.82204628,5.279448032,0,0.005396536551
4.821439266,5.279420853,0,0.005113601219
4.820760727,5.279409885,0,0.004806549288
4.81554842,5.279214382,0,0.002446982544
4.810860157,5.279082298,0,0.0003800858103
4.809658051,5.279022217,0,-0.0001503451349
4.808316231,5.278995991,0,-0.0007254136144
4.803743839,5.278810024,0,-0.00268405769
4.799612045,5.278671741,0,-0.004408235196
4.797818661,5.27857542,0,-0.005156688858
4.795820236,5.278541565,0,-0.005969804712
4.79188633,5.278391361,0,-0.007572722621
4.78834343,5.278262138,0,-0.008981312625
4.785948277,5.278125763,0,-0.009933934547
4.783270836,5.278082371,0,-0.01097409148
4.78000021,5.277973175,0,-0.01224450022
4.776650906,5.277834892,0,-0.01351893693
4.774337292,5.277705669,0,-0.01439960394
4.772554398,5.277680874,0,-0.01506657992
4.768679142,5.277536392,0,-0.01651719399
4.763613224,5.277346611,0,-0.01838075183
4.763024807,5.277313709,0,-0.01859729551
4.762578487,5.277308464,0,-0.01875911839
4.757370949,5.277115822,0,-0.02064530924
4.752649307,5.276950359,0,-0.02233436517
4.751749992,5.276915073,0,-0.02265612036
4.750567913,5.276873112,0,-0.02307453565
4.746158123,5.276700497,0,-0.02463527769
4.742798805,5.276587486,0,-0.02581550367
4.740596771,5.276498318,0,-0.02658801526
4.737784386,5.276387691,0,-0.02756721526
4.735041142,5.27627182,0,-0.02852219716
4.732870579,5.276195526,0,-0.02927394211
4.729492188,5.276050568,0,-0.03044446744
4.725292206,5.275881767,0,-0.03189413249
4.723950386,5.275822639,0,-0.03235752508
4.722868919,5.275782585,0,-0.03273027763
4.71842432,5.275578976,0,-0.03426387906
4.712979317,5.275344849,0,-0.03613908961
4.712901115,5.275341034,0,-0.03616597876
4.712837219,5.275338173,0,-0.0361880213
4.707388878,5.2750597,0,-0.03806981072
4.70275116,5.274843693,0,-0.03967471048
4.701889515,5.274776936,0,-0.03997305781
4.700864315,5.27474308,0,-0.04032879695
4.69639349,5.274494171,0,-0.04187997058
4.69262886,5.274301529,0,-0.04319395125
4.690919399,5.274162769,0,-0.0437906906
4.688931942,5.274093151,0,-0.04448755085
4.685451984,5.273887157,0,-0.04570881277
4.682465553,5.273750782,0,-0.04676330835
4.679999828,5.273564339,0,-0.04763450101
4.677109241,5.273414612,0,-0.04866305366
4.674352169,5.273206711,0,-0.04964360967
4.671840191,5.273040771,0,-0.05054340139
4.668711185,5.272744179,0,-0.05166327953
4.665260792,5.272562027,0,-0.05291032419
4.663089275,5.272398472,0,-0.05369513482
4.66113615,5.272245407,0,-0.05440575629
4.657479286,5.271873474,0,-0.05573592335
4.653372288,5.27158165,0,-0.05724200979
4.651879787,5.271448612,0,-0.0577895008
4.650559425,5.271323204,0,-0.05827720836
4.646296978,5.270841122,0,-0.05985185131
4.641430855,5.270366669,0,-0.06166307256
4.640725136,5.270282745,0,-0.06192551553
4.640111446,5.270217896,0,-0.06215532124
4.635162354,5.269599915,0,-0.06400695443
4.629790306,5.268906593,0,-0.06602592021
4.629608631,5.268877506,0,-0.06609436125
4.629393101,5.268850803,0,-0.06617568433
4.624076843,5.268048286,0,-0.06818559766
4.619643688,5.267324924,0,-0.069864057
4.618555546,5.267121315,0,-0.07027605176
4.61722517,5.266897202,0,-0.07078101486
4.613040447,5.266073227,0,-0.07236967236
4.609703064,5.265466213,0,-0.07363775373
4.607494354,5.265002728,0,-0.07447675616
4.604690075,5.264396191,0,-0.07553816587
4.60191679,5.263702869,0,-0.07658804208
4.599773884,5.263214111,0,-0.07739698887
4.596328735,5.262330055,0,-0.07869904488
4.592032433,5.261229038,0,-0.08031315356
4.590785503,5.260868549,0,-0.08078157157
4.589808464,5.260586262,0,-0.08114564419
4.585340977,5.259169579,0,-0.08280936629
4.580147743,5.257652283,0,-0.08472300321
4.579999924,5.257603645,0,-0.08477749676
4.579779148,5.257529736,0,-0.08485788852
4.57494688,5.25574398,0,-0.08661799133
4.572300911,5.254746914,0,-0.08756638318
4.569046974,5.253419399,0,-0.08873099089
4.565006256,5.251891613,0,-0.09014879167
4.562796593,5.250925064,0,-0.09092267603
4.559733868,5.249682903,0,-0.09196861833
4.55713129,5.248498917,0,-0.09285924584
4.555681705,5.24787569,0,-0.09334297478
4.551690102,5.24590826,0,-0.09466587007
4.547515869,5.244017124,0,-0.09600916505
4.546026707,5.243238926,0,-0.09648394585
4.543131828,5.241863728,0,-0.09737554938
4.540348053,5.240352154,0,-0.09823580086
4.538729668,5.239573479,0,-0.09871601313
4.534788609,5.237344265,0,-0.09987339377
4.529970169,5.234917641,0,-0.1012228131
4.529273987,5.234503746,0,-0.1014160514
4.528049946,5.233860016,0,-0.1017370671
4.523940086,5.231370926,0,-0.1028211713
4.521418571,5.230025291,0,-0.1034447029
4.518651009,5.228285789,0,-0.1041204184
4.513840199,5.225674152,0,-0.1052126884
4.513346672,5.225360394,0,-0.1053255796
4.513041496,5.225192547,0,-0.1053898409
4.508235931,5.222038746,0,-0.1063852012
4.504873276,5.220149994,0,-0.1070165709
4.503115177,5.218957424,0,-0.1073403805
4.499977589,5.217161179,0,-0.107854858
4.498157501,5.215909481,0,-0.1081559658
4.497086525,5.215304852,0,-0.1083108932
4.493523598,5.212817192,0,-0.108815223
4.490252018,5.210972786,0,-0.1092125699
4.489350796,5.210334778,0,-0.1093195155
4.487856388,5.209079266,0,-0.1094648689
4.484695435,5.206054688,0,-0.1097763032
4.482072353,5.201858521,0,-0.1099799275
4.481514931,5.20085001,0,-0.110022679
4.481318474,5.199985504,0,-0.1100353077
4.480310917,5.194768906,0,-0.1101008132
4.480031013,5.190390587,0,-0.1101180911
5.479827404,5.15268755,0,-0.5500384569
5.47967577,5.152963161,0,-0.5495445728
5.476659775,5.15749836,0,-0.5397436023
4.480031013,5.190390587,0,-0.1101180911
4.480035782,5.190131664,0,-0.1101177186
4.480133057,5.187852383,0,-0.1101121083
4.480302334,5.184732437,0,-0.11010205
4.480340958,5.18449688,0,-0.110099636
4.480746269,5.183207512,0,-0.1100727692
4.481898785,5.179818153,0,-0.1099960133
4.482543945,5.178874016,0,-0.1099446267
4.484736443,5.17636013,0,-0.1097728088
4.488371372,5.173844337,0,-0.1094165966
4.489346981,5.173316002,0,-0.1093197167
4.490181446,5.172964573,0,-0.1092179641
4.493574619,5.171984673,0,-0.1088087708
4.496070385,5.170922279,0,-0.1084554046
4.498209476,5.1702981,0,-0.1081470773
4.501199245,5.16904211,0,-0.1076531634
4.503101826,5.168460846,0,-0.1073421389
4.504354954,5.167935848,0,-0.1071116254
4.508226395,5.16677475,0,-0.1063876525
4.512816906,5.16492939,0,-0.1054382324
4.513354301,5.16476965,0,-0.1053252593
4.514173985,5.164446354,0,-0.105137758
4.518655777,5.163104534,0,-0.104119882
4.521307945,5.162067413,0,-0.1034716666
4.523961544,5.161283493,0,-0.1028153002
4.52826786,5.159659386,0,-0.1016800776
4.529279232,5.159358978,0,-0.101414755
4.529862881,5.159142971,0,-0.1012531444
4.53478241,5.15775919,0,-0.09987776726
4.538662434,5.156397343,0,-0.09873776138
4.540323734,5.155953884,0,-0.09824465215
4.543134212,5.15500164,0,-0.09737560898
4.54599762,5.154230595,0,-0.09649352729
4.547502041,5.153744221,0,-0.09601335227
4.551666737,5.152682304,0,-0.09467316419
4.555719852,5.151461601,0,-0.09333037585
4.557128429,5.15112257,0,-0.09286016971
4.55966711,5.150428295,0,-0.09199171513
4.562802315,5.149726391,0,-0.09092097729
4.565037251,5.149139881,0,-0.09013869613
4.569056988,5.14832449,0,-0.08872898668
4.572300911,5.147543907,0,-0.08756646514
4.57494688,5.146987438,0,-0.08661724627
4.579779148,5.145965099,0,-0.08485785127
4.579999924,5.145926952,0,-0.08477749676
4.580159664,5.145898819,0,-0.08471847326
4.585509777,5.145157337,0,-0.08274579793
4.590561867,5.144279003,0,-0.08086206764
4.591119289,5.144198418,0,-0.08065425605
4.591756344,5.144107342,0,-0.08041483909
4.596842766,5.143550396,0,-0.07850401849
4.601523399,5.142972946,0,-0.07673817128
4.602647305,5.142864227,0,-0.0763137266
4.603878498,5.142717361,0,-0.07584700733
4.60849905,5.142307758,0,-0.07409365475
4.612826824,5.141952991,0,-0.07245218754
4.614415646,5.141863823,0,-0.0718491897
4.616127014,5.141714573,0,-0.07120003551
4.620360851,5.141477585,0,-0.06959366053
4.624368191,5.141255856,0,-0.06807512045
4.626316547,5.141198635,0,-0.06733710319
4.62835598,5.141089439,0,-0.06656783074
4.632292747,5.140986919,0,-0.06508332491
4.636088371,5.140823841,0,-0.06366051733
4.638278008,5.140782356,0,-0.0628394857
4.640556335,5.140722752,0,-0.06199052557
4.644272804,5.140716076,0,-0.06060509384
4.647854328,5.140609264,0,-0.05927805603
4.650251865,5.140586853,0,-0.0583900325
4.652742863,5.140580654,0,-0.05747469887
4.656229973,5.140640736,0,-0.05619395897
4.659573555,5.14055872,0,-0.05497398227
4.662182331,5.140561104,0,-0.05402266607
4.664910316,5.140578747,0,-0.05303613096
4.668129921,5.140672207,0,-0.05187237263
4.671226978,5.14060688,0,-0.05076317862
4.674069881,5.140625477,0,-0.04974480346
4.677053452,5.140622139,0,-0.04868308827
4.679999828,5.140685558,0,-0.04763450101
4.682786465,5.140676498,0,-0.04665041342
4.685751915,5.140749931,0,-0.04560329393
4.688662529,5.14079237,0,-0.04458243027
4.691567421,5.140902519,0,-0.04356348142
4.694689751,5.140858173,0,-0.0424756147
4.697467804,5.140891075,0,-0.04150683805
4.699714184,5.14092207,0,-0.04072781652
4.703320503,5.141025066,0,-0.03947641701
4.708954811,5.141056061,0,-0.03752848879
4.708984375,5.141056538,0,-0.03751833737
4.709079742,5.141057014,0,-0.03748535365
4.715084553,5.141159058,0,-0.03541433066
4.716327667,5.141182423,0,-0.03498559445
4.719242573,5.141235352,0,-0.03398075327
4.722836018,5.141328812,0,-0.03274260834
4.725429535,5.141335964,0,-0.03184830025
4.728767395,5.141393661,0,-0.03069687821
4.732365131,5.141465664,0,-0.0294510331
4.734548092,5.141523361,0,-0.02869462781
4.736624718,5.141543865,0,-0.02797092497
4.740298271,5.141626358,0,-0.02669048309
4.743981361,5.141695976,0,-0.02539886348
4.74604845,5.141744137,0,-0.02467420697
4.748162746,5.141778469,0,-0.02392556705
4.751796246,5.141881466,0,-0.02263884433
4.755248547,5.141928196,0,-0.02140423283
4.757526875,5.141973972,0,-0.02058926597
4.760015011,5.142023563,0,-0.01968674175
4.763201237,5.142125607,0,-0.01853062212
4.766158104,5.142145634,0,-0.01744349673
4.76883173,5.142195702,0,-0.01646030694
4.771611214,5.142248631,0,-0.01541978493
4.774422646,5.142352581,0,-0.01436817832
4.777146339,5.142349243,0,-0.0133308135
4.78000021,5.142386913,0,-0.01224450022
4.782839298,5.142450809,0,-0.01114169974
4.785847187,5.142566681,0,-0.009972804226
4.789310455,5.142569065,0,-0.00859674532
4.79169178,5.142606735,0,-0.007650410291
4.793766022,5.142637253,0,-0.006806248799
4.797540188,5.142757416,0,-0.005271904636
4.801858902,5.142762661,0,-0.003471770557
4.803390026,5.142787933,0,-0.002833619481
4.804736137,5.142808437,0,-0.002257490298
4.809239864,5.142938137,0,-0.0003302079567
4.814346313,5.142955303,0,0.001916092704
4.815090179,5.14296627,0,0.002243103925
4.815747261,5.142976284,0,0.002540036105
4.820950031,5.143112183,0,0.004891816992
4.826802731,5.143157482,0,0.007612978108
4.826819897,5.143157959,0,0.00762097165
4.826839447,5.143157959,0,0.007630240172
4.832689762,5.143301487,0,0.01043425594
4.837930202,5.143362999,0,0.0130183287
4.838570595,5.143383503,0,0.01333404053
4.839289188,5.143386364,0,0.01369949151
4.844455719,5.143516541,0,0.01632668823
4.849102974,5.14359951,0,0.0187571831
4.85036087,5.143646717,0,0.01941535808
4.851764202,5.143650055,0,0.02017308772
4.856266022,5.143758297,0,0.02260439284
4.8603158,5.14386034,0,0.02485326864
4.8621912,5.143947601,0,0.02589509264
4.864287376,5.143964291,0,0.02709370852
4.868127346,5.144073009,0,0.02929009125
4.871599674,5.144178391,0,0.03133586422
4.874062538,5.144301891,0,0.03278593719
4.876767159,5.1443367,0,0.03442493081
4.880000114,5.144426823,0,0.0363834016
4.88296032,5.144549847,0,0.03822468594
4.885749817,5.144710064,0,0.03996106982
4.888579369,5.144765377,0,0.04176892713
4.891437531,5.144874096,0,0.04359587654
4.894429207,5.14498806,0,0.04555269331
4.89705658,5.145140648,0,0.04727057368
4.899247646,5.145189762,0,0.04873732105
4.902680874,5.145336151,0,0.05103917047
4.907466412,5.145512104,0,0.0543246679
4.908631325,5.145582199,0,0.05512381718
4.909561634,5.145610332,0,0.05577625334
4.914809704,5.14587307,0,0.05946148932
4.920207024,5.145999908,0,0.06333536655
4.920909882,5.146033287,0,0.06383965164
4.921630859,5.146054745,0,0.06436849385
4.926922798,5.146316051,0,0.06825113297
4.932008266,5.146395206,0,0.07204931229
4.932928562,5.146431923,0,0.07273638994
4.933883667,5.146455765,0,0.07346252352
4.938976765,5.146680832,0,0.07733592391
4.943898678,5.146706104,0,0.08113961667
4.945199966,5.146742344,0,0.08214535564
4.946459293,5.146763325,0,0.08313252032
4.951584816,5.146945,0,0.08715304732
4.95716095,5.14692831,0,0.09158378839
4.957445145,5.146930695,0,0.09180987626
4.957873821,5.146925926,0,0.09215408564
4.962968349,5.146983624,0,0.09624193609
4.967384338,5.146947384,0,0.09981992096
4.968514919,5.146960258,0,0.1007360369
4.969604015,5.146924973,0,0.1016229838
4.974209785,5.146879196,0,0.1053772494
4.979225159,5.146728992,0,0.1094853058
4.980000019,5.146718979,0,0.1101199985
4.980744839,5.146689415,0,0.1107325703
4.986010075,5.146588802,0,0.1150621101
4.991468906,5.146365166,0,0.1195516586
4.992021084,5.146350384,0,0.1200058088
4.992552757,5.146316528,0,0.1204424351
4.998040199,5.146043301,0,0.124950394
5.003673553,5.145704269,0,0.1295657307
5.004021168,5.14568615,0,0.1298508942
5.004358768,5.145659924,0,0.1301254332
5.009999275,5.145293713,0,0.1347148418
5.015799522,5.144809723,0,0.1393947452
5.015910149,5.14480114,0,0.1394839436
5.016016006,5.144791603,0,0.1395685226
5.0218153,5.144343853,0,0.1441895515
5.027479649,5.143733025,0,0.1486374289
5.027672291,5.143716812,0,0.1487887949
5.027875423,5.143695831,0,0.1489456147
5.033518314,5.143201351,0,0.1532955766
5.038783073,5.142522812,0,0.1572712511
5.039336205,5.142464161,0,0.1576888561
5.039921761,5.142397404,0,0.158119455
5.045157433,5.141888618,0,0.1619759649
5.050113201,5.141190529,0,0.1655200571
5.050978661,5.141084194,0,0.1661388725
5.051882267,5.140967369,0,0.1667638868
5.056792736,5.140402317,0,0.1701601744
5.061497688,5.139698029,0,0.1732882112
5.062607765,5.139548779,0,0.1740258634
5.063753605,5.139384747,0,0.1747535169
5.06842041,5.138769627,0,0.1777177453
5.072931767,5.138056278,0,0.1804444343
5.074213505,5.137874126,0,0.1812189072
5.07552433,5.137654781,0,0.1819658726
5.079999924,5.136973858,0,0.1845159978
5.084389687,5.136258125,0,0.1868514121
5.085936069,5.136032581,0,0.1876741201
5.087574959,5.135755539,0,0.1884801239
5.091847897,5.135093212,0,0.1905805767
5.095854282,5.134394169,0,0.1923758537
5.097732067,5.134095669,0,0.1932170838
5.09971714,5.133732796,0,0.1940152794
5.103605747,5.13308382,0,0.195576638
5.107252598,5.132409573,0,0.196862936
5.109470367,5.13203764,0,0.1976460814
5.111845493,5.131585121,0,0.198361814
5.115337372,5.130984306,0,0.1994135976
5.118578434,5.130354404,0,0.2002117038
5.121220589,5.129888535,0,0.2008631378
5.124108315,5.129323959,0,0.2014088333
5.127112389,5.128795147,0,0.2019759566
5.129855633,5.128239632,0,0.2023288608
5.133001328,5.12765789,0,0.2027338892
5.136461258,5.126960754,0,0.2029611617
5.138879776,5.126521587,0,0.2031193823
5.141055584,5.12606287,0,0.2031186223
5.144776821,5.125350952,0,0.2031183243
5.148945332,5.124505043,0,0.2028329372
5.1506567,5.124196053,0,0.2027153075
5.152168751,5.123865128,0,0.20250462
5.156554222,5.123000145,0,0.2018939704
5.161542892,5.121993065,0,0.2008320391
5.162431717,5.121833324,0,0.2006425112
5.163199902,5.121663094,0,0.2004209012
5.168310642,5.120642185,0,0.1989468038
5.174143314,5.119462013,0,0.1968101263
5.174160004,5.119459152,0,0.1968040019
5.174179077,5.119454861,0,0.1967954338
5.179999828,5.118293285,0,0.1942020059
5.185622215,5.117146492,0,0.191238448
5.185750008,5.117123604,0,0.1911710054
5.185904503,5.117089748,0,0.1910769045
5.191471577,5.116031647,0,0.187687248
5.196026802,5.115111351,0,0.1845342219
5.197163105,5.114914417,0,0.1837473959
5.198523521,5.114627838,0,0.1826897413
5.202836037,5.113853455,0,0.1793403029
5.206379414,5.113126278,0,0.1762839705
5.208490372,5.112757206,0,0.1744628698
5.211027622,5.112262726,0,0.1720506251
5.214112759,5.111766338,0,0.1691215932
5.216626167,5.111262798,0,0.1665154248
5.219721317,5.110731602,0,0.1633053571
5.223505974,5.11004591,0,0.1590433717
5.225299358,5.109777927,0,0.1570269465
5.226748466,5.109521866,0,0.1552670151
5.230852127,5.10889101,0,0.1502759904
5.235949516,5.107987881,0,0.1436292827
5.236410618,5.107922077,0,0.1430291384
5.236783028,5.107862473,0,0.1425106674
5.241934299,5.107200146,0,0.1353311688
5.246756554,5.106424332,0,0.1281738877
5.247471333,5.106333256,0,0.1271112412
5.248362064,5.106200695,0,0.1257090569
5.252985001,5.10567522,0,0.1184402555
5.256745338,5.105172634,0,0.1121861115
5.258494854,5.104981899,0,0.1092734486
5.260652542,5.104698658,0,0.1054874361
5.263963699,5.104393005,0,0.09967856109
5.266648293,5.104090214,0,0.09473091364
5.269385338,5.103886604,0,0.08968441188
5.272758007,5.103506088,0,0.08317940682
5.274748325,5.10337162,0,0.07934288681
5.276350975,5.103216171,0,0.0761128217
5.28000021,5.10301733,0,0.06875730306
5.284490585,5.102683544,0,0.05930822343
5.285726547,5.102642059,0,0.05670775846
5.286907196,5.102567196,0,0.05412218347
5.291368008,5.10246706,0,0.04434286058
5.295970917,5.10222435,0,0.03385127708
5.296952248,5.102217674,0,0.03161323816
5.297881603,5.102183342,0,0.02941533364
5.302473068,5.102216244,0,0.01855511963
5.307309628,5.102085114,0,0.006698503625
5.307983875,5.102100849,0,0.005044856574
5.30862999,5.102092266,0,0.003412162885
5.313456059,5.102277756,0,-0.008794281632
5.318515778,5.102266312,0,-0.02198774554
5.318958759,5.102289677,0,-0.02314467356
5.319394588,5.102294445,0,-0.02431616187
5.324403763,5.102633476,0,-0.03779290244
5.329595089,5.102752686,0,-0.05210311338
5.329901218,5.102777481,0,-0.05294760689
5.330206871,5.102787971,0,-0.05381270126
5.335334301,5.103286266,0,-0.0683420524
5.340565205,5.10354948,0,-0.08353962004
5.34080267,5.103576183,0,-0.08422984183
5.341044426,5.103590965,0,-0.08494648337
5.346236229,5.104250908,0,-0.1003549024
5.351410389,5.104650497,0,-0.1160328537
5.351747036,5.104698658,0,-0.1170545965
5.35210371,5.104730129,0,-0.1181584597
5.35724926,5.105569839,0,-0.1340829879
5.362105846,5.106059074,0,-0.1493962407
5.362891674,5.10619545,0,-0.1518758386
5.363753319,5.106291771,0,-0.1546413004
5.368553162,5.107237339,0,-0.1700263172
5.373049259,5.107811928,0,-0.1846711487
5.3743186,5.108078003,0,-0.1888054162
5.375655651,5.108255386,0,-0.19322896
5.380000114,5.109250546,0,-0.2075989991
5.384595871,5.109977245,0,-0.2229956239
5.38636446,5.110403061,0,-0.2289216965
5.388267994,5.110726357,0,-0.235383898
5.392688274,5.11190176,0,-0.2503858507
5.396605015,5.112645149,0,-0.263818413
5.399175167,5.113380432,0,-0.2726309896
5.402454376,5.114041805,0,-0.2839822471
5.406045437,5.115186214,0,-0.2964092493
5.408557892,5.115763664,0,-0.3051550984
5.413440228,5.117516518,0,-0.3221619129
5.419400215,5.119016647,0,-0.3430304229
5.421318054,5.11961174,0,-0.3497519195
5.427815914,5.121619225,0,-0.3725732863
5.428759098,5.121938229,0,-0.3758837879
5.435332298,5.124185562,0,-0.3988999128
5.435726643,5.124330044,0,-0.400280118
5.441253662,5.126360416,0,-0.4196050763
5.442228794,5.126746178,0,-0.4230156839
5.44230938,5.126777649,0,-0.4232946932
5.448192596,5.129274845,0,-0.4437171817
5.448963165,5.129580021,0,-0.4463801384
5.453275204,5.131531239,0,-0.4612526596
5.456134319,5.132693291,0,-0.4710363746
5.458589554,5.134039402,0,-0.4794384241
5.459835529,5.134631157,0,-0.4836727977
5.466768265,5.137898922,0,-0.5070666671
5.467738152,5.138456345,0,-0.5103200078
5.469665051,5.13919735,0,-0.5166971684
5.474076271,5.141946316,0,-0.5313087106
5.478112698,5.146048546,0,-0.5444736481
5.478425503,5.147116661,0,-0.5455014706
5.479785442,5.152514458,0,-0.5499029756
5.479827404,5.15268755,0,-0.5500384569
