5.476659775,5.306175232,0,-0.05212374777
5.474071026,5.306954384,0,-0.06188872829
5.4689641,5.3064785,0,-0.0805343464
5.467656612,5.306101799,0,-0.08532010764
5.466758728,5.305951595,0,-0.08850116283
5.459918976,5.304353237,0,-0.1124138832
5.458571434,5.304043293,0,-0.1170077994
5.455992222,5.303677559,0,-0.125596568
5.453306675,5.30292511,0,-0.1345387995
5.448935509,5.301918983,0,-0.1485864222
5.448218822,5.301719666,0,-0.150866434
5.442302704,5.300270081,0,-0.1691301465
5.442249298,5.300255299,0,-0.1692924201
5.441580772,5.30008173,0,-0.1712550968
5.435731888,5.298399925,0,-0.1884447932
5.435326099,5.298285007,0,-0.1896012574
5.42877388,5.296320438,0,-0.2077950388
5.427817822,5.296040058,0,-0.2103480697
5.421319008,5.293991566,0,-0.2272239029
5.419398308,5.293415546,0,-0.23196356
5.413437843,5.291313648,0,-0.2463280261
5.408551216,5.290204525,0,-0.2573233843
5.406061649,5.289319038,0,-0.2628744245
5.402519703,5.28844595,0,-0.2701960504
5.399215221,5.287238598,0,-0.2770487964
5.396608829,5.286559582,0,-0.2820246518
5.392719269,5.285174847,0,-0.2894431353
5.38831377,5.284020901,0,-0.2971762717
5.386381626,5.283328533,0,-0.3005694151
5.384596825,5.282850266,0,-0.3034286201
5.380000114,5.281243324,0,-0.3107919991
5.375655651,5.280107975,0,-0.317140162
5.3743186,5.279631138,0,-0.3190950751
5.373045444,5.279299736,0,-0.3207873404
5.368549824,5.277766705,0,-0.3267431557
5.363762856,5.276544094,0,-0.3324514627
5.362883568,5.27624464,0,-0.3335032761
5.362081051,5.276035309,0,-0.3343611062
5.357251167,5.274425507,0,-0.339502573
5.35215044,5.273141861,0,-0.3442923725
5.351758003,5.273014069,0,-0.3446617424
5.351388931,5.272920132,0,-0.344964385
5.346256733,5.271282673,0,-0.3491581082
5.341081619,5.269986153,0,-0.3527678251
5.340823174,5.269904613,0,-0.3529488742
5.340569019,5.269841194,0,-0.3530969024
5.335339546,5.268220425,0,-0.3561296165
5.330207348,5.26697588,0,-0.3585196137
5.329901695,5.266882896,0,-0.3586623073
5.329596519,5.266810417,0,-0.3587703109
5.3244133,5.265266895,0,-0.3606024086
5.319378853,5.264073849,0,-0.3618278503
5.318959236,5.263950825,0,-0.3619301319
5.318532944,5.263851643,0,-0.361988157
5.313460827,5.262401581,0,-0.3626779318
5.30862236,5.261293888,0,-0.3628303409
5.307994366,5.261118412,0,-0.3628498912
5.307333946,5.260971069,0,-0.3628029823
5.302473068,5.259643078,0,-0.3624607027
5.297881603,5.258627892,0,-0.3616815507
5.296952248,5.258380413,0,-0.36152336
5.295974255,5.258168221,0,-0.3612623513
5.291368008,5.256952286,0,-0.3600366414
5.286903381,5.256006241,0,-0.3584269285
5.285726547,5.255705833,0,-0.3580026329
5.284490585,5.255450726,0,-0.3574429452
5.28000021,5.254332542,0,-0.3554100096
5.276069164,5.253508568,0,-0.3532978892
5.274781227,5.253183842,0,-0.3526053727
5.273438454,5.252911568,0,-0.3517770171
5.269480228,5.251916409,0,-0.3493340015
5.265658855,5.251178741,0,-0.3466896415
5.264078617,5.250803471,0,-0.3455950916
5.262410641,5.250478268,0,-0.3443153501
5.258583546,5.249547958,0,-0.3413780928
5.255056381,5.248883247,0,-0.3384174407
5.25302124,5.248421669,0,-0.3367070556
5.250762463,5.248001575,0,-0.334653914
5.247407913,5.247241974,0,-0.3316051364
5.244442463,5.246700287,0,-0.3287144005
5.241782188,5.246145248,0,-0.3261206448
5.238779068,5.245628834,0,-0.3230097592
5.236139774,5.245080948,0,-0.3202765584
5.233775139,5.244676113,0,-0.317686379
5.230482578,5.24401474,0,-0.3140793741
5.226926804,5.243474007,0,-0.3099961877
5.224790096,5.243063927,0,-0.3075432777
5.22274828,5.242747307,0,-0.3050923049
5.219042778,5.242035866,0,-0.3006418347
5.215370655,5.241529465,0,-0.2960567772
5.213257313,5.241151333,0,-0.2934156954
5.210921764,5.240828991,0,-0.2903953195
5.20744133,5.240224361,0,-0.2858995199
5.20472002,5.239902973,0,-0.2822818756
5.201806068,5.239454746,0,-0.2784042358
5.197885036,5.238951683,0,-0.2730481029
5.196401596,5.238718033,0,-0.2710221708
5.195224762,5.23859787,0,-0.269379735
5.191011429,5.238037586,0,-0.2634959221
5.186149597,5.237502098,0,-0.2565823793
5.185542583,5.237419128,0,-0.2557197213
5.184981346,5.237370014,0,-0.254907161
5.179999828,5.236796856,0,-0.2476990074
5.174832821,5.236288071,0,-0.2401176691
5.174267769,5.236218929,0,-0.2392884195
5.173650265,5.23617363,0,-0.2383718193
5.168594837,5.235688686,0,-0.2308665961
5.164138794,5.235352039,0,-0.2241846919
5.163122654,5.235254765,0,-0.2226605266
5.1616745,5.235164165,0,-0.2204713374
5.157792091,5.234862328,0,-0.2146042734
5.155626774,5.234724522,0,-0.2113239765
5.151618958,5.234438419,0,-0.2052446157
5.145389557,5.23413372,0,-0.1957600415
5.144884109,5.234097004,0,-0.1949905157
5.144407272,5.234088421,0,-0.1942636371
5.138475895,5.233831882,0,-0.1852269769
5.133063316,5.233643532,0,-0.1769949049
5.132309914,5.23360157,0,-0.1758499742
5.131438255,5.233596802,0,-0.1745303869
5.126289368,5.233462811,0,-0.1667366922
5.122225285,5.233399391,0,-0.160614714
5.12060833,5.2333498,0,-0.1581806391
5.118652821,5.233352184,0,-0.1552533507
5.115637779,5.233315945,0,-0.1507418007
5.111188412,5.233318806,0,-0.1441431791
5.110379219,5.233307838,0,-0.1429429054
5.109938622,5.233318329,0,-0.1422952861
5.104394436,5.233329773,0,-0.1341554075
5.099223614,5.233399868,0,-0.1266667396
5.09821701,5.233397007,0,-0.1252103448
5.097068787,5.233434677,0,-0.1235714853
5.092105865,5.233512402,0,-0.1164853275
5.087407589,5.233677864,0,-0.1098921224
5.086038589,5.233705521,0,-0.1079724208
5.084619999,5.233774185,0,-0.1060180664
5.079999924,5.233915806,0,-0.099654302
5.075583935,5.234099388,0,-0.09368749708
5.074339867,5.23413372,0,-0.09200685471
5.073112488,5.234194756,0,-0.09038307518
5.068749905,5.234357834,0,-0.08461725712
5.064175129,5.23463583,0,-0.07869432867
5.063398838,5.234676838,0,-0.07768992335
5.062758923,5.234713078,0,-0.07687791437
5.058315754,5.234939098,0,-0.07124892622
5.055036545,5.235147953,0,-0.06718917191
5.052165508,5.235275745,0,-0.06365543604
5.047455311,5.235692024,0,-0.05801084638
5.045471668,5.235829353,0,-0.05563032255
5.043782234,5.235965729,0,-0.0536702387
5.039241314,5.236221313,0,-0.04840175807
5.034440994,5.236684322,0,-0.04302041978
5.033247948,5.236776829,0,-0.04168225452
5.032123089,5.236884594,0,-0.04046117514
5.027390003,5.237224579,0,-0.03532307968
5.022446156,5.237730026,0,-0.03014066443
5.021737576,5.237790108,0,-0.0293974895
5.021054268,5.237870216,0,-0.02870608121
5.016332626,5.238305092,0,-0.02392305061
5.012138367,5.238750458,0,-0.01980658062
5.011829853,5.238778114,0,-0.01950473338
5.005529881,5.239451408,0,-0.01355628669
5.005484104,5.239456177,0,-0.01351322792
5.005414009,5.239465714,0,-0.01345019229
4.998400688,5.240256786,0,-0.007135713007
4.992536545,5.240962505,0,-0.002109498717
4.992147446,5.241003513,0,-0.001776404562
4.991722107,5.241063595,0,-0.001429647324
4.98602581,5.241786957,0,0.003213403514
4.980728149,5.242542744,0,0.007325527724
4.980000019,5.242631912,0,0.007890489884
4.979210377,5.24274683,0,0.00847247988
4.974072456,5.243414879,0,0.01225894503
4.969370842,5.244094372,0,0.01555086114
4.968176365,5.244240761,0,0.01638630778
4.966859818,5.244452953,0,0.01725715399
4.962342262,5.245100021,0,0.02024534345
4.958330631,5.245734692,0,0.02276306227
4.956791878,5.245941639,0,0.02372720093
4.955265522,5.246201038,0,0.02463503554
4.9518466,5.24670887,0,0.02666535415
4.947303295,5.247415543,0,0.02921919152
4.945748329,5.247655392,0,0.03008644655
4.943558216,5.248011112,0,0.03123274259
4.939017296,5.248652458,0,0.03361445293
4.934617996,5.249392033,0,0.03575574234
4.932897091,5.249650478,0,0.03659398481
4.931201935,5.249933243,0,0.03736267239
4.926919937,5.250547886,0,0.03930521011
4.922739029,5.251227379,0,0.04106934369
4.921004295,5.251475811,0,0.04180103913
4.919208527,5.251772881,0,0.04250303656
4.915110588,5.252356529,0,0.0441034995
4.911191463,5.252960205,0,0.04552223533
4.909249783,5.253223896,0,0.04622457549
4.907194138,5.25356245,0,0.04690872133
4.903392792,5.254103661,0,0.04817477241
4.899801731,5.254613876,0,0.04927659035
4.897542,5.254889488,0,0.04996944219
4.895127296,5.255267143,0,0.05064739287
4.89169836,5.255730152,0,0.05160963908
4.888441563,5.256149769,0,0.05244321004
4.885847569,5.256435394,0,0.0531071946
4.883112431,5.256830692,0,0.05374382436
4.880000114,5.257235527,0,0.0544686988
4.877182007,5.257548809,0,0.05506260321
4.874159813,5.257843494,0,0.05569916964
4.870654106,5.258285046,0,0.05636363849
4.868308067,5.258544922,0,0.05680797994
4.866274357,5.258759499,0,0.05715396628
4.862463474,5.259103298,0,0.05780217424
4.858082294,5.25959301,0,0.05846513808
4.856608868,5.259738922,0,0.05868802965
4.855313301,5.259859562,0,0.05886159465
4.850754261,5.260231018,0,0.05947252735
4.845602036,5.260736465,0,0.06008000299
4.844900131,5.260797977,0,0.06016281992
4.844275951,5.26085043,0,0.06022702157
4.839044571,5.261236191,0,0.06076565385
4.833197117,5.261751175,0,0.061286062
4.833179951,5.261752129,0,0.06128760055
4.833160877,5.261754036,0,0.06128906831
4.827310085,5.262140751,0,0.06173491105
4.82204628,5.262556076,0,0.06207406893
4.821439266,5.262590885,0,0.06211313605
4.820760727,5.262647629,0,0.06214948371
4.81554842,5.262974262,0,0.06242884696
4.810860157,5.263311386,0,0.06263451278
4.809658051,5.263371944,0,0.06268727779
4.808316231,5.26347971,0,0.06273411959
4.803743839,5.263750076,0,0.06289371103
4.799612045,5.264016151,0,0.06300484389
4.797818661,5.264095306,0,0.06305306405
4.795820236,5.264253616,0,0.06309231371
4.79188633,5.264484406,0,0.06316974014
4.78834343,5.26469183,0,0.06321649998
4.785948277,5.264787674,0,0.06324812025
4.783270836,5.264998913,0,0.06326796114
4.78000021,5.26520586,0,0.06329219788
4.776650906,5.26538372,0,0.06330011785
4.774337292,5.26547575,0,0.06330560148
4.772554398,5.265621185,0,0.06330203265
4.768679142,5.265846252,0,0.06329418719
4.763613224,5.266140461,0,0.06326393783
4.763024807,5.266162872,0,0.06326043606
4.762578487,5.266199112,0,0.06325620413
4.757370949,5.266486645,0,0.06320660561
4.752649307,5.266759396,0,0.06314651668
4.751749992,5.266807079,0,0.06313501298
4.750567913,5.266875267,0,0.06311637908
4.746158123,5.267113686,0,0.06304708868
4.742798805,5.267310143,0,0.0629850328
4.740596771,5.267422676,0,0.06294424832
4.737784386,5.267576694,0,0.06288479269
4.735041142,5.267717838,0,0.06282690912
4.732870579,5.267841339,0,0.06277550757
4.729492188,5.268007755,0,0.06269527227
4.725292206,5.268233776,0,0.06258466095
4.723950386,5.268300533,0,0.0625493452
4.722868919,5.268362045,0,0.06251800805
4.71842432,5.268573284,0,0.06238884479
4.712979317,5.268857002,0,0.06221561134
4.712901115,5.268860817,0,0.0622131303
4.712837219,5.268864155,0,0.0622109063
4.707388878,5.269100666,0,0.06202063337
4.70275116,5.269331932,0,0.06184362248
4.701889515,5.269348621,0,0.06181068346
4.700864315,5.269413948,0,0.06176786497
4.69639349,5.269604206,0,0.06158132106
4.69262886,5.269782543,0,0.06140905246
4.690919399,5.269814968,0,0.06133076921
4.688931942,5.269943714,0,0.06123110652
4.685451984,5.270086765,0,0.06105652824
4.682465553,5.270262718,0,0.06089218706
4.679999828,5.270332336,0,0.06075640023
4.677109241,5.270481586,0,0.06058113649
4.674352169,5.270556927,0,0.06041407958
4.671840191,5.270658493,0,0.06024627388
4.668711185,5.270697117,0,0.06003741175
4.665260792,5.270892143,0,0.059782736
4.663089275,5.270968437,0,0.05962251499
4.66113615,5.27103138,0,0.05946363881
4.657479286,5.271066666,0,0.05916609615
4.653372288,5.271248341,0,0.05879737064
4.651879787,5.271286964,0,0.05866339058
4.650559425,5.271316528,0,0.05853280425
4.646296978,5.271335602,0,0.05811084807
4.641430855,5.271450043,0,0.05758001283
4.640725136,5.271451473,0,0.05750314146
4.640111446,5.27146244,0,0.05742956325
4.635162354,5.271454811,0,0.05683621764
4.629790306,5.271443844,0,0.0561295338
4.629608631,5.271438122,0,0.05610555783
4.629393101,5.271439552,0,0.05607445538
4.624076843,5.271334171,0,0.05530633405
4.619643688,5.271208763,0,0.05460650474
4.618555546,5.27115345,0,0.05443453416
4.61722517,5.271114349,0,0.05420471728
4.613040447,5.27087307,0,0.05348255858
4.609703064,5.270744324,0,0.05285423994
4.607494354,5.270597458,0,0.05243782699
4.604690075,5.270397663,0,0.05186353624
4.60191679,5.270106792,0,0.05129615963
4.599773884,5.269939899,0,0.05081939325
4.596328735,5.269577026,0,0.05005092919
4.592032433,5.269143105,0,0.04901231453
4.590785503,5.268977165,0,0.04871105775
4.589808464,5.26884985,0,0.04845586419
4.585340977,5.268139362,0,0.04728922248
4.580147743,5.267477512,0,0.04582869634
4.579999924,5.267453194,0,0.04578709975
4.579779148,5.267416477,0,0.04572029784
4.57494688,5.266428471,0,0.04426142573
4.572300911,5.265887737,0,0.04340642691
4.569046974,5.265119553,0,0.04234953597
4.565006256,5.264300346,0,0.0409356989
4.562796593,5.263720036,0,0.04015877843
4.559733868,5.263031006,0,0.03900023922
4.55713129,5.26231575,0,0.03802142665
4.555681705,5.261960506,0,0.03744331002
4.551690102,5.26073122,0,0.03582725674
4.547515869,5.259623051,0,0.03404218331
4.546026707,5.259124756,0,0.03339588642
4.543131828,5.25830698,0,0.03206622973
4.540348053,5.257328033,0,0.03079531528
4.538729668,5.256867409,0,0.03001444042
4.534788609,5.255411148,0,0.02808973379
4.529970169,5.253946781,0,0.02560502104
4.529273987,5.253673077,0,0.02524245158
4.528049946,5.253278255,0,0.02457232773
4.523940086,5.2516222,0,0.02232963778
4.521418571,5.25079298,0,0.02088866383
4.518651009,5.249619007,0,0.01929201558
4.513840199,5.248009682,0,0.0163809713
4.513346672,5.24779892,0,0.01608338766
4.513041496,5.247694969,0,0.01589133032
4.508235931,5.245557785,0,0.01283478457
4.504873276,5.244389057,0,0.01060441323
4.503115177,5.243572235,0,0.009431715123
4.499977589,5.242446899,0,0.007249058224
4.498157501,5.241583347,0,0.005986572243
4.497086525,5.241212368,0,0.005215706769
4.493523598,5.23950243,0,0.002634019358
4.490252018,5.23837471,0,0.000182115924
4.489350796,5.237932682,0,-0.0004943279782
4.487856388,5.237005711,0,-0.001658234745
4.484695435,5.234671116,0,-0.00411016494
4.482072353,5.231046677,0,-0.006210610736
4.481514931,5.23015976,0,-0.006656893995
4.481318474,5.229339123,0,-0.006816817913
4.480310917,5.224346638,0,-0.007634171285
4.480031013,5.220033646,0,-0.00786498934
5.479827404,5.300949574,0,-0.04010526836
5.47967577,5.301244259,0,-0.04067965969
5.476659775,5.306175232,0,-0.05212374777
4.480031013,5.220033646,0,-0.00786498934
4.480035782,5.219774246,0,-0.0078613488
4.480133057,5.217473507,0,-0.007782293949
4.480302334,5.214316368,0,-0.007644288708
4.480340958,5.214072227,0,-0.007612457499
4.480746269,5.212691307,0,-0.007282720413
4.481898785,5.209043503,0,-0.00634501176
4.482543945,5.207958698,0,-0.005829648115
4.484736443,5.204969883,0,-0.004076901823
4.488371372,5.201655865,0,-0.00125290337
4.489346981,5.200913429,0,-0.0004971186281
4.490181446,5.200379372,0,0.0001271970832
4.493574619,5.198657036,0,0.002670308808
4.496070385,5.197053909,0,0.004481590353
4.498209476,5.195966244,0,0.006024616305
4.501199245,5.194070339,0,0.008100336418
4.503101826,5.193078518,0,0.009424603544
4.504354954,5.192286968,0,0.0102603808
4.508226395,5.190297127,0,0.01282763574
4.512816906,5.187482834,0,0.01574677974
4.513354301,5.187209606,0,0.0160852056
4.514173985,5.186716557,0,0.01657971367
4.518655777,5.184440613,0,0.0192936603
4.521307945,5.182861805,0,0.02082412317
4.523961544,5.181530952,0,0.02234147862
4.52826786,5.179031849,0,0.0246913638
4.529279232,5.178525448,0,0.02524567582
4.529862881,5.178192139,0,0.025548907
4.53478241,5.17582798,0,0.02808177471
4.538662434,5.173706055,0,0.0299789235
4.540323734,5.172938824,0,0.03078136407
4.543134212,5.171448708,0,0.03206603974
4.54599762,5.170128822,0,0.03338242695
4.547502041,5.169354916,0,0.03403624892
4.551666737,5.167506218,0,0.0358180441
4.555719852,5.165532112,0,0.03745831922
4.557128429,5.164932728,0,0.03802038357
4.55966711,5.163784504,0,0.03897477314
4.562802315,5.162522316,0,0.04016061127
4.565037251,5.161541462,0,0.04094586894
4.569056988,5.160022259,0,0.04235147312
4.572300911,5.15868187,0,0.0434063226
4.57494688,5.157672405,0,0.0442619659
4.579779148,5.155841827,0,0.04572032765
4.579999924,5.155766487,0,0.04578709975
4.580159664,5.155712128,0,0.04583208635
4.585509777,5.154102325,0,0.04733566195
4.590561867,5.152427673,0,0.04865112156
4.591119289,5.152258396,0,0.04879626259
4.591756344,5.152069092,0,0.04894930869
4.596842766,5.15072155,0,0.05017054081
4.601523399,5.149435043,0,0.05120212957
4.602647305,5.14915514,0,0.05145014822
4.603878498,5.148830414,0,0.05169919878
4.60849905,5.147754192,0,0.05263460055
4.612826824,5.14678812,0,0.05343341082
4.614415646,5.146475315,0,0.05372695252
4.616127014,5.146090984,0,0.05401498824
4.620360851,5.145270824,0,0.05472751334
4.624368191,5.144516945,0,0.05534084514
4.626316547,5.144198418,0,0.05563901737
4.62835598,5.143826008,0,0.05592185259
4.632292747,5.143213272,0,0.05646752194
4.636088371,5.142571449,0,0.05694308877
4.638278008,5.142252445,0,0.05721756816
4.640556335,5.141915798,0,0.05747551471
4.644272804,5.141456127,0,0.05789640546
4.647854328,5.1409235,0,0.05826257169
4.650251865,5.140616894,0,0.05850760266
4.652742863,5.140318871,0,0.05873695388
4.656229973,5.13997364,0,0.05905789882
4.659573555,5.139517784,0,0.05933549628
4.662182331,5.139231205,0,0.05955196545
4.664910316,5.138950348,0,0.05975591764
4.668129921,5.138692379,0,0.05999650061
4.671226978,5.138298512,0,0.06020478904
4.674069881,5.138015747,0,0.06039602682
4.677053452,5.137695312,0,0.06057732925
4.679999828,5.13744545,0,0.06075640023
4.682786465,5.137151718,0,0.06090943515
4.685751915,5.136922836,0,0.06107229739
4.688662529,5.136670589,0,0.06121721864
4.691567421,5.136487484,0,0.06136168912
4.694689751,5.136139393,0,0.06150227413
4.697467804,5.135900021,0,0.06162776053
4.699714184,5.1357131,0,0.06172000244
4.703320503,5.135462761,0,0.06186723709
4.708954811,5.13494873,0,0.06207706779
4.708984375,5.134946346,0,0.06207814813
4.709079742,5.134937763,0,0.06208135188
4.715084553,5.134462833,0,0.06228392571
4.716327667,5.134369373,0,0.0623239167
4.719242573,5.134149075,0,0.06241060048
4.722836018,5.133907795,0,0.06251816452
4.725429535,5.133675098,0,0.06258768588
4.728767395,5.133424282,0,0.06267689168
4.732365131,5.133162022,0,0.06276315451
4.734548092,5.133016586,0,0.06281568855
4.736624718,5.132843018,0,0.06286006421
4.740298271,5.13258028,0,0.06293842942
4.743981361,5.132309437,0,0.06300680339
4.74604845,5.132165909,0,0.06304524094
4.748162746,5.132004738,0,0.06307853013
4.751796246,5.131768227,0,0.06313569099
4.755248547,5.131491661,0,0.0631795004
4.757526875,5.131323814,0,0.0632083863
4.760015011,5.131141186,0,0.06323180348
4.763201237,5.130948544,0,0.06326186657
4.766158104,5.130692482,0,0.06327918917
4.76883173,5.130493641,0,0.06329479814
4.771611214,5.130279541,0,0.06330013275
4.774422646,5.130112171,0,0.06330560148
4.777146339,5.129855633,0,0.06329906732
4.78000021,5.129624367,0,0.06329219788
4.782839298,5.129414082,0,0.0632712841
4.785847187,5.129239082,0,0.06324913353
4.789310455,5.128907204,0,0.06320394576
4.79169178,5.128716946,0,0.06317288429
4.793766022,5.128548145,0,0.06313262135
4.797540188,5.128303528,0,0.0630594641
4.801858902,5.127877235,0,0.06294512004
4.803390026,5.127748013,0,0.06290457398
4.804736137,5.127635479,0,0.06285826862
4.809239864,5.127322674,0,0.0627033785
4.814346313,5.126828671,0,0.06248298287
4.815090179,5.126766205,0,0.06245089322
4.815747261,5.126711369,0,0.06241620332
4.820950031,5.126331806,0,0.06214139983
4.826802731,5.125779152,0,0.0617700927
4.826819897,5.125778198,0,0.06176900119
4.826839447,5.125776291,0,0.06176754832
4.832689762,5.125331402,0,0.06132763997
4.837930202,5.124858379,0,0.06086721644
4.838570595,5.124813557,0,0.0608109571
4.839289188,5.124742031,0,0.06073777378
4.844455719,5.124341011,0,0.06021167338
4.849102974,5.12394762,0,0.05966953561
4.85036087,5.123867035,0,0.05952269956
4.851764202,5.123727798,0,0.0593358539
4.856266022,5.123378277,0,0.05873638391
4.8603158,5.12307024,0,0.05812735856
4.8621912,5.122965813,0,0.05784518644
4.864287376,5.122772694,0,0.05749072507
4.868127346,5.122490406,0,0.05684127286
4.871599674,5.122247219,0,0.05618410558
4.874062538,5.122121811,0,0.0557182543
4.876767159,5.121887684,0,0.05514895171
4.880000114,5.12165451,0,0.0544686988
4.88296032,5.121486664,0,0.05378077179
4.885749817,5.121369839,0,0.05313209444
4.888579369,5.121155262,0,0.05240935832
4.891437531,5.120988846,0,0.05167859048
4.894429207,5.12082243,0,0.0508438237
4.89705658,5.120725155,0,0.05011186749
4.899247646,5.120572567,0,0.04944817349
4.902680874,5.12039566,0,0.04840383306
4.907466412,5.120142937,0,0.04682125151
4.908631325,5.120108128,0,0.04643726349
4.909561634,5.120055199,0,0.04610415176
4.914809704,5.119863987,0,0.04421751201
4.920207024,5.119547844,0,0.0421134755
4.920909882,5.119522572,0,0.04183971882
4.921630859,5.119486809,0,0.04153572395
4.926922798,5.119326115,0,0.03930372372
4.932008266,5.11903286,0,0.03699745238
4.932928562,5.119000912,0,0.03658029437
4.933883667,5.118959427,0,0.03611527383
4.938976765,5.118830681,0,0.0336343497
4.943898678,5.118540764,0,0.03106484935
4.945199966,5.118494034,0,0.03038590588
4.946459293,5.118443489,0,0.0296839755
4.951584816,5.118335724,0,0.0268175602
4.95716095,5.118030548,0,0.02349715121
4.957445145,5.118018627,0,0.02332658321
4.957873821,5.117994785,0,0.02305556647
4.962968349,5.117827415,0,0.01984493993
4.967384338,5.117637157,0,0.01690515131
4.968514919,5.117609024,0,0.01615206152
4.969604015,5.117540359,0,0.01538938191
4.974209785,5.117353439,0,0.01216108538
4.979225159,5.117103577,0,0.008461969905
4.980000019,5.117078304,0,0.007890489884
4.980744839,5.11703968,0,0.007312170696
4.986010075,5.116868973,0,0.003224504413
4.991468906,5.116636276,0,-0.001223812345
4.992021084,5.116620064,0,-0.0016738493
4.992552757,5.116590023,0,-0.002128029009
4.998040199,5.116353035,0,-0.006817286834
5.003673553,5.116117954,0,-0.01185858808
5.004021168,5.116106033,0,-0.01217011362
5.004358768,5.116089821,0,-0.0124851875
5.009999275,5.115883827,0,-0.01775252819
5.015799522,5.115634918,0,-0.023398716
5.015910149,5.115631104,0,-0.02350633219
5.016016006,5.115627289,0,-0.02361362986
5.0218153,5.115489483,0,-0.02947736904
5.027479649,5.115250587,0,-0.03542205691
5.027672291,5.115246773,0,-0.03562444448
5.027875423,5.115241528,0,-0.03584546596
5.033518314,5.115186214,0,-0.0419732593
5.038783073,5.114992142,0,-0.0478881225
5.039336205,5.114984512,0,-0.04850978404
5.039921761,5.11497879,0,-0.04918795824
5.045157433,5.115014553,0,-0.05525793135
5.050113201,5.114908218,0,-0.06117432192
5.050978661,5.114905834,0,-0.06220808625
5.051882267,5.114910603,0,-0.06331879646
5.056792736,5.115004063,0,-0.06935125589
5.061497688,5.114995956,0,-0.0752812922
5.062607765,5.115009785,0,-0.07668036968
5.063753605,5.11503458,0,-0.07815919071
5.06842041,5.115185738,0,-0.08418095857
5.072931767,5.115278244,0,-0.0901479274
5.074213505,5.11532402,0,-0.0918431133
5.07552433,5.115361214,0,-0.09361291677
5.079999924,5.115550041,0,-0.099654302
5.084389687,5.115762234,0,-0.1056973487
5.085936069,5.115861416,0,-0.1078259051
5.087574959,5.115958691,0,-0.1101257578
5.091847897,5.116270065,0,-0.1161213964
5.095854282,5.116545677,0,-0.1218353063
5.097732067,5.11670351,0,-0.124510929
5.09971714,5.116860867,0,-0.1273842007
5.103605747,5.117230415,0,-0.1330093145
5.107252598,5.117569923,0,-0.1383518428
5.109470367,5.117813587,0,-0.1416023672
5.111845493,5.118065357,0,-0.1451244056
5.115337372,5.118497372,0,-0.1503050178
5.118578434,5.118878365,0,-0.1551497579
5.121220589,5.119233608,0,-0.1591001749
5.124108315,5.1196208,0,-0.1634479016
5.127112389,5.120079994,0,-0.1679730266
5.129855633,5.120475769,0,-0.1721352637
5.133001328,5.120985031,0,-0.1769064069
5.136461258,5.121551037,0,-0.1821707487
5.138879776,5.121995449,0,-0.1858490556
5.141055584,5.122367382,0,-0.189159289
5.144776821,5.123074532,0,-0.1948214173
5.148945332,5.123887539,0,-0.2011758089
5.1506567,5.124258995,0,-0.2037840635
5.152168751,5.124556541,0,-0.2060780972
5.156554222,5.1255126,0,-0.2127344608
5.161542892,5.126660347,0,-0.2202745974
5.162431717,5.12688446,0,-0.2216191143
5.163199902,5.127058506,0,-0.2227709442
5.168310642,5.12832737,0,-0.2304388732
5.174143314,5.129844189,0,-0.2391081601
5.174160004,5.129848957,0,-0.2391329855
5.174179077,5.129854202,0,-0.2391612232
5.179999828,5.131493092,0,-0.2476990074
5.185622215,5.133123398,0,-0.2558348477
5.185750008,5.133163452,0,-0.2560200095
5.185904503,5.133208752,0,-0.256239593
5.191471577,5.134987354,0,-0.2641506195
5.196026802,5.136440754,0,-0.2704919875
5.197163105,5.136836529,0,-0.2720738053
5.198523521,5.137279987,0,-0.2739244401
5.202836037,5.138819695,0,-0.2797889709
5.206379414,5.140032768,0,-0.2844820619
5.208490372,5.140820026,0,-0.2872754633
5.211027622,5.14174509,0,-0.2905372679
5.214112759,5.1429739,0,-0.2945030034
5.216626167,5.143910408,0,-0.2976269722
5.219721317,5.145152092,0,-0.3014676273
5.223505974,5.14666605,0,-0.3059910238
5.225299358,5.147440434,0,-0.3081349134
5.226748466,5.148041725,0,-0.3097974658
5.230852127,5.149839878,0,-0.3145000935
5.235949516,5.152004242,0,-0.3200623393
5.236410618,5.152215481,0,-0.3205656409
5.236783028,5.152382374,0,-0.3209513724
5.241934299,5.154852867,0,-0.3262770772
5.246756554,5.157051086,0,-0.330973357
5.247471333,5.157400608,0,-0.3316689134
5.248362064,5.157823086,0,-0.3324769735
5.252985001,5.160179615,0,-0.3366737962
5.256745338,5.162038326,0,-0.3398342133
5.258494854,5.162948132,0,-0.3413025439
5.260652542,5.164031029,0,-0.3429606855
5.263963699,5.165822983,0,-0.3455096185
5.266648293,5.167226791,0,-0.3473764956
5.269385338,5.168763161,0,-0.3492767811
5.272758007,5.170536995,0,-0.3513564169
5.274748325,5.171674728,0,-0.3525841832
5.276350975,5.172546387,0,-0.3534469306
5.28000021,5.1746912,0,-0.3554100096
5.284490585,5.177237034,0,-0.3574429452
5.285726547,5.177990913,0,-0.3580026329
5.286907196,5.17867136,0,-0.35842821
5.291368008,5.181435108,0,-0.3600366414
5.295970917,5.184140205,0,-0.3612615168
5.296952248,5.184762478,0,-0.36152336
5.297881603,5.185317993,0,-0.3616815507
5.302473068,5.188269138,0,-0.3624607027
5.307309628,5.191203117,0,-0.3628019094
5.307983875,5.191647053,0,-0.3628498912
5.30862999,5.192043781,0,-0.3628298044
5.313456059,5.195258617,0,-0.362678349
5.318515778,5.198390007,0,-0.3619904816
5.318958759,5.198688507,0,-0.3619302213
5.319394588,5.198961258,0,-0.3618239164
5.324403763,5.202380657,0,-0.3606038988
5.329595089,5.205647945,0,-0.3587726355
5.329901218,5.205858231,0,-0.3586643636
5.330206871,5.206050873,0,-0.3585218191
5.335334301,5.209599018,0,-0.3561346531
5.340565205,5.212922096,0,-0.3530964553
5.34080267,5.213087559,0,-0.3529580832
5.341044426,5.213240147,0,-0.3527893424
5.346236229,5.216864586,0,-0.3491712511
5.351410389,5.220146656,0,-0.3449504673
5.351747036,5.220382214,0,-0.3446744978
5.35210371,5.220607281,0,-0.3443384767
5.35724926,5.224239826,0,-0.3395057917
5.362105846,5.227277756,0,-0.3343350887
5.362891674,5.227826118,0,-0.3334948719
5.363753319,5.228358746,0,-0.3324627876
5.368553162,5.231736183,0,-0.3267365694
5.373049259,5.234502792,0,-0.3207789958
5.3743186,5.235387802,0,-0.3190933466
5.375655651,5.236188412,0,-0.3171386421
5.380000114,5.239206791,0,-0.3107919991
5.384595871,5.241960049,0,-0.3034289479
5.38636446,5.243164062,0,-0.3005945683
5.388267994,5.244272709,0,-0.297252357
5.392688274,5.247274399,0,-0.2894985676
5.396605015,5.249527454,0,-0.282029897
5.399175167,5.251253128,0,-0.2771240473
5.402454376,5.253067017,0,-0.2703284621
5.406045437,5.255477905,0,-0.262907207
5.408557892,5.256853104,0,-0.2573160827
5.413440228,5.26013279,0,-0.2463428974
5.419400215,5.263277054,0,-0.2319664806
5.421318054,5.26437521,0,-0.2272293717
5.427815914,5.267886162,0,-0.2103295028
5.428759098,5.268406391,0,-0.2078083903
5.435332298,5.271875858,0,-0.1895881742
5.435726643,5.272085667,0,-0.1884665191
5.441253662,5.274906635,0,-0.1722090542
5.442228794,5.275432587,0,-0.1693427861
5.44230938,5.275473118,0,-0.1690999269
5.448192596,5.278553963,0,-0.150958851
5.448963165,5.278914452,0,-0.1485087872
5.453275204,5.281136513,0,-0.1346471906
5.456134319,5.282373905,0,-0.1251275539
5.458589554,5.283783436,0,-0.116952695
5.459835529,5.284377098,0,-0.1127073467
5.466768265,5.287460804,0,-0.08848018944
5.467738152,5.287975788,0,-0.08504582196
5.469665051,5.288556576,0,-0.07799910009
5.474076271,5.290949821,0,-0.06188680232
5.478112698,5.294543743,0,-0.04663560539
5.478425503,5.295576572,0,-0.04546919465
5.479785442,5.300783634,0,-0.04027050361
5.479827404,5.300949574,0,-0.04010526836
