5.476659775,5.229704857,0,-0.6067540646
5.474071026,5.229534626,0,-0.6052740812
5.4689641,5.227341652,0,-0.6016036868
5.467656612,5.226522923,0,-0.60067451
5.466758728,5.226094246,0,-0.599912107
5.459918976,5.222458363,0,-0.5937349796
5.458571434,5.221775532,0,-0.5923976898
5.455992222,5.220739365,0,-0.5896179676
5.453306675,5.219294071,0,-0.5867239237
5.448935509,5.217280388,0,-0.5815131068
5.448218822,5.216919422,0,-0.5806334019
5.442302704,5.214276791,0,-0.5728411674
5.442249298,5.214251995,0,-0.5727679729
5.441580772,5.213963985,0,-0.5717981458
5.435731888,5.211278439,0,-0.5633257031
5.435326099,5.211102486,0,-0.5627049804
5.42877388,5.208250999,0,-0.5523146391
5.427817822,5.2078619,0,-0.5507225394
5.421319008,5.205172062,0,-0.5395351648
5.419398308,5.204454422,0,-0.5360521674
5.413437843,5.201985836,0,-0.5250041485
5.408551216,5.200720787,0,-0.5154114366
5.406061649,5.19976902,0,-0.5104861259
5.402519703,5.198906898,0,-0.5031433105
5.399215221,5.197708607,0,-0.4962993562
5.396608829,5.197110176,0,-0.4906704128
5.392719269,5.195845127,0,-0.4822656214
5.38831377,5.19494915,0,-0.4723934829
5.386381626,5.194368362,0,-0.4680656195
5.384596825,5.194038391,0,-0.4639459252
5.380000114,5.192813396,0,-0.4533360004
5.375655651,5.192150593,0,-0.4430306554
5.3743186,5.191819191,0,-0.4398595095
5.373045444,5.191649437,0,-0.4367772639
5.368549824,5.190686703,0,-0.4258944392
5.363762856,5.190180302,0,-0.4140912592
5.362883568,5.190011024,0,-0.4119244516
5.362081051,5.189936638,0,-0.4099122286
5.357251167,5.18914175,0,-0.3977938592
5.35215044,5.188817024,0,-0.3848306835
5.351758003,5.188762188,0,-0.3838351667
5.351388931,5.188743591,0,-0.3828868866
5.346256733,5.18815136,0,-0.369692415
5.341081619,5.187989235,0,-0.3562723994
5.340823174,5.187964439,0,-0.3556014895
5.340569019,5.187961102,0,-0.3549377024
5.335339546,5.187583923,0,-0.3412915468
5.330207348,5.187629223,0,-0.3278156519
5.329901695,5.18761301,0,-0.327013582
5.329596519,5.18762064,0,-0.3262102604
5.3244133,5.187451363,0,-0.31254825
5.319378853,5.18766737,0,-0.2992627919
5.318959236,5.187661171,0,-0.2981561422
5.318532944,5.187685966,0,-0.2970308959
5.313460827,5.187705994,0,-0.2836433947
5.30862236,5.188065052,0,-0.2708791494
5.307994366,5.188079834,0,-0.2692208886
5.307333946,5.188138962,0,-0.267486006
5.302473068,5.188328743,0,-0.2547222078
5.297881603,5.188791275,0,-0.2427145243
5.296952248,5.188843727,0,-0.2402841598
5.295974255,5.188957214,0,-0.2377415746
5.291368008,5.189282417,0,-0.225777477
5.286903381,5.189855576,0,-0.2142727822
5.285726547,5.189956665,0,-0.2112422585
5.284490585,5.190133095,0,-0.2080853432
5.28000021,5.190582752,0,-0.1966149956
5.276069164,5.191151619,0,-0.186697498
5.274781227,5.191283703,0,-0.183445245
5.273438454,5.191497803,0,-0.1800903082
5.269480228,5.191932678,0,-0.1701957285
5.265658855,5.192593098,0,-0.1607986093
5.264078617,5.192793369,0,-0.1569096744
5.262410641,5.193086147,0,-0.1528653204
5.258583546,5.193571568,0,-0.1435802877
5.255056381,5.194221973,0,-0.1351672709
5.25302124,5.19452095,0,-0.1303106546
5.250762463,5.194952965,0,-0.1250221729
5.247407913,5.195460796,0,-0.1171630397
5.244442463,5.196040154,0,-0.1103512347
5.241782188,5.196490288,0,-0.1042457595
5.238779068,5.197111607,0,-0.09750798345
5.236139774,5.197564602,0,-0.09158355743
5.233775139,5.198065281,0,-0.08639249206
5.230482578,5.198663712,0,-0.07916732132
5.226926804,5.199473381,0,-0.07157009095
5.224790096,5.199873924,0,-0.06700494885
5.22274828,5.200332165,0,-0.06275565922
5.219042778,5.201029301,0,-0.05503855273
5.215370655,5.201916218,0,-0.04760735109
5.213257313,5.202339172,0,-0.04333153367
5.210921764,5.202897549,0,-0.03875403851
5.20744133,5.203602791,0,-0.03192890063
5.20472002,5.204295635,0,-0.02676433139
5.201806068,5.204933643,0,-0.02124681696
5.197885036,5.205881119,0,-0.01404965762
5.196401596,5.206197739,0,-0.01132243779
5.195224762,5.206510544,0,-0.009232754819
5.191011429,5.207499027,0,-0.001755433739
5.186149597,5.208722115,0,0.006559979636
5.185542583,5.208858013,0,0.007598084863
5.184981346,5.209009647,0,0.008523130789
5.179999828,5.210216999,0,0.01672790013
5.174832821,5.211529732,0,0.02488827147
5.174267769,5.211659908,0,0.02578076348
5.173650265,5.211828709,0,0.02671319246
5.168594837,5.213095665,0,0.03435061127
5.164138794,5.214270592,0,0.04078807682
5.163122654,5.21451807,0,0.04225466773
5.1616745,5.214913368,0,0.04424891993
5.157792091,5.21591711,0,0.04960978776
5.155626774,5.216488838,0,0.05245704204
5.151618958,5.217512608,0,0.05768273026
5.145389557,5.219184399,0,0.06534910202
5.144884109,5.219308853,0,0.06597229838
5.144407272,5.219447136,0,0.06652107835
5.138475895,5.221022606,0,0.07334823161
5.133063316,5.222462654,0,0.07916984707
5.132309914,5.22264719,0,0.07997861505
5.131438255,5.222894192,0,0.08085060865
5.126289368,5.224248886,0,0.08600953966
5.122225285,5.22533989,0,0.08980771899
5.12060833,5.225748062,0,0.09131118655
5.118652821,5.226284504,0,0.09301495552
5.115637779,5.227068901,0,0.09564299136
5.111188412,5.228244781,0,0.09925059229
5.110379219,5.228447437,0,0.09990856797
5.109938622,5.228570938,0,0.1002420038
5.104394436,5.230005741,0,0.1043826416
5.099223614,5.231350899,0,0.1078968719
5.09821701,5.231594563,0,0.1085773334
5.097068787,5.231901646,0,0.1092787907
5.092105865,5.23314333,0,0.1123179421
5.087407589,5.234370708,0,0.1148860902
5.086038589,5.234707832,0,0.1156328097
5.084619999,5.235079288,0,0.1163179427
5.079999924,5.236206055,0,0.1185500026
5.075583935,5.237294674,0,0.1204193309
5.074339867,5.237584114,0,0.1209458858
5.073112488,5.237886429,0,0.1213967651
5.068749905,5.238901615,0,0.1229972243
5.064175129,5.240031719,0,0.1244351566
5.063398838,5.240216732,0,0.1246792153
5.062758923,5.240366459,0,0.124850899
5.058315754,5.241375446,0,0.12602745
5.055036545,5.242134571,0,0.1267450452
5.052165508,5.242736816,0,0.1273455173
5.047455311,5.243890762,0,0.1280885637
5.045471668,5.244338989,0,0.128405869
5.043782234,5.244718075,0,0.1285816133
5.039241314,5.245632648,0,0.1290531009
5.034440994,5.246742249,0,0.1293156147
5.033247948,5.246997833,0,0.1293811053
5.032123089,5.247249126,0,0.1293915808
5.027390003,5.248194695,0,0.1294360012
5.022446156,5.249277592,0,0.1292741299
5.021737576,5.249420643,0,0.1292508841
5.021054268,5.249574184,0,0.1292021871
5.016332626,5.250519753,0,0.1288652718
5.012138367,5.251383781,0,0.1284270287
5.011829853,5.251442432,0,0.1283941418
5.005529881,5.252697468,0,0.1275217086
5.005484104,5.252706528,0,0.1275150627
5.005414009,5.252721786,0,0.1275024265
4.998400688,5.254096508,0,0.1262490302
4.992536545,5.255234718,0,0.1249834076
4.992147446,5.25530386,0,0.1248994991
4.991722107,5.255392075,0,0.1247941554
4.98602581,5.256486893,0,0.1233840957
4.980728149,5.25755024,0,0.1219174787
4.980000019,5.257680893,0,0.1217160001
4.979210377,5.257835388,0,0.1214765757
4.974072456,5.258750439,0,0.1199191585
4.969370842,5.259634018,0,0.1183780506
4.968176365,5.259831905,0,0.1179865524
4.966859818,5.260090828,0,0.11752671
4.962342262,5.260900021,0,0.1159506962
4.958330631,5.261651516,0,0.1144700199
4.956791878,5.261903286,0,0.1139013618
4.955265522,5.262198448,0,0.1133142635
4.9518466,5.262785435,0,0.1119977236
4.947303295,5.263579369,0,0.1101814061
4.945748329,5.263845444,0,0.10955704
4.943558216,5.264228344,0,0.1086432859
4.939017296,5.264922142,0,0.106750004
4.934617996,5.265690804,0,0.1048559248
4.932897091,5.265960217,0,0.1041147411
4.931201935,5.266242981,0,0.1033654809
4.926919937,5.266854286,0,0.1014719233
4.922739029,5.267523289,0,0.0995824188
4.921004295,5.267765999,0,0.09879863262
4.919208527,5.26804781,0,0.09797349572
4.915110588,5.268596172,0,0.09609296173
4.911191463,5.269153118,0,0.09426578879
4.909249783,5.269392014,0,0.09336078912
4.907194138,5.269693851,0,0.09239477664
4.903392792,5.270166874,0,0.09060776979
4.899801731,5.270606041,0,0.08890253305
4.897542,5.270839214,0,0.08782991767
4.895127296,5.271163464,0,0.08667811006
4.89169836,5.271550179,0,0.08504381031
4.888441563,5.271886349,0,0.08348809183
4.885847569,5.27210331,0,0.08224863559
4.883112431,5.27242136,0,0.08094025403
4.880000114,5.272735596,0,0.07945059985
4.877182007,5.272961617,0,0.0781038031
4.874159813,5.273163319,0,0.07666032761
4.870654106,5.273485184,0,0.07499304414
4.868308067,5.273664951,0,0.0738780573
4.866274357,5.273806572,0,0.07291394472
4.862463474,5.274016857,0,0.07110780478
4.858082294,5.274338245,0,0.06904819608
4.856608868,5.274428844,0,0.06835567206
4.855313301,5.27450037,0,0.06775154918
4.850754261,5.274700642,0,0.06562533975
4.845602036,5.27499485,0,0.06324353814
4.844900131,5.275027752,0,0.06291884184
4.844275951,5.275054932,0,0.06263335049
4.839044571,5.275230885,0,0.06023814902
4.833197117,5.275491238,0,0.05759221688
4.833179951,5.275491714,0,0.05758439749
4.833160877,5.275492668,0,0.0575757809
4.827310085,5.275630951,0,0.05495963618
4.82204628,5.275813103,0,0.05263439193
4.821439266,5.275821686,0,0.05236655474
4.820760727,5.275847912,0,0.05207131058
4.81554842,5.275944233,0,0.04980254173
4.810860157,5.27606678,0,0.04778562114
4.809658051,5.276072025,0,0.04726800695
4.808316231,5.276120663,0,0.04669900984
4.803743839,5.276189804,0,0.04476106912
4.799612045,5.276268005,0,0.0430328995
4.797818661,5.276265621,0,0.04228268191
4.795820236,5.276332855,0,0.04145772383
4.79188633,5.276381016,0,0.03983145952
4.78834343,5.276430607,0,0.0383862704
4.785948277,5.276417732,0,0.03740888089
4.783270836,5.276503086,0,0.03633063287
4.78000021,5.276555538,0,0.03501370177
4.776650906,5.276586056,0,0.03368013725
4.774337292,5.276573658,0,0.03275860474
4.772554398,5.276636124,0,0.03205483779
4.768679142,5.276676178,0,0.03052411228
4.763613224,5.27673769,0,0.02854247764
4.763024807,5.276733398,0,0.02831222676
4.762578487,5.276748657,0,0.02813894115
4.757370949,5.276791096,0,0.02611888386
4.752649307,5.276857376,0,0.02429799922
4.751749992,5.276865005,0,0.02395110577
4.750567913,5.276878357,0,0.02349722385
4.746158123,5.276906967,0,0.02180436067
4.742798805,5.27694273,0,0.02051683888
4.740596771,5.276950836,0,0.01967398822
4.737784386,5.276974678,0,0.01859976165
4.735041142,5.276989937,0,0.01755221188
4.732870579,5.277013302,0,0.01672316156
4.729492188,5.277023792,0,0.01543216035
4.725292206,5.277049065,0,0.01382472273
4.723950386,5.277050495,0,0.01331094839
4.722868919,5.277059555,0,0.01289543044
4.71842432,5.277053356,0,0.0111857662
4.712979317,5.277070999,0,0.009083711542
4.712901115,5.277070999,0,0.009053570218
4.712837219,5.277071476,0,0.009028716944
4.707388878,5.27704525,0,0.006906860974
4.70275116,5.277044773,0,0.005086035002
4.701889515,5.27701807,0,0.004747512285
4.700864315,5.277031898,0,0.004341213033
4.69639349,5.276994228,0,0.00256964867
4.69262886,5.276979923,0,0.00105820212
4.690919399,5.276922703,0,0.0003717426443
4.688931942,5.276947975,0,-0.0004361154861
4.685451984,5.276906967,0,-0.001851831446
4.682465553,5.276918888,0,-0.003084580414
4.679999828,5.276852131,0,-0.004103050102
4.677109241,5.276837349,0,-0.005316713825
4.674352169,5.276759148,0,-0.006473721936
4.671840191,5.276715755,0,-0.007546444889
4.668711185,5.276576996,0,-0.008881542832
4.665260792,5.276569843,0,-0.01038499922
4.663089275,5.276518345,0,-0.01133111771
4.66113615,5.276463032,0,-0.01219824608
4.657479286,5.276273251,0,-0.01382145379
4.653372288,5.276194096,0,-0.01568350941
4.651879787,5.276138306,0,-0.01636033505
4.650559425,5.276083946,0,-0.01697176881
4.646296978,5.275831223,0,-0.01894605719
4.641430855,5.275618076,0,-0.02125141956
4.640725136,5.275571346,0,-0.02158542722
4.640111446,5.275539398,0,-0.0218826402
4.635162354,5.275179863,0,-0.02427781187
4.629790306,5.274776459,0,-0.02693450823
4.629608631,5.274757862,0,-0.02702458017
4.629393101,5.274742603,0,-0.02713358216
4.624076843,5.274238586,0,-0.02982731722
4.619643688,5.273771763,0,-0.03212096542
4.618555546,5.273631573,0,-0.03268411383
4.61722517,5.273483753,0,-0.03338877857
4.613040447,5.272896767,0,-0.03560499102
4.609703064,5.272481918,0,-0.03741317242
4.607494354,5.272144794,0,-0.03861002624
4.604690075,5.271701336,0,-0.04016017169
4.60191679,5.271171093,0,-0.04169296846
4.599773884,5.27080965,0,-0.0429039225
4.596328735,5.270133495,0,-0.04485386238
4.592032433,5.269292355,0,-0.04733628407
4.590785503,5.269007206,0,-0.0480565615
4.589808464,5.268783569,0,-0.04863231257
4.585340977,5.267629623,0,-0.05126362294
4.580147743,5.266432762,0,-0.05437995121
4.579999924,5.266393185,0,-0.0544686988
4.579779148,5.26633358,0,-0.05460373685
4.57494688,5.264843941,0,-0.05755745247
4.572300911,5.264008999,0,-0.05920115858
4.569046974,5.262879372,0,-0.06122489646
4.565006256,5.261608124,0,-0.06378468871
4.562796593,5.260778427,0,-0.06518586725
4.559733868,5.259725571,0,-0.06716178358
4.55713129,5.258699894,0,-0.06883848459
4.555681705,5.258169174,0,-0.06978432089
4.551690102,5.25645113,0,-0.07239750028
4.547515869,5.254814148,0,-0.07515994459
4.546026707,5.254127026,0,-0.07614792138
4.543131828,5.252931118,0,-0.07809098065
4.540348053,5.251590252,0,-0.07995662093
4.538729668,5.250912189,0,-0.08105216175
4.534788609,5.248925209,0,-0.08372462541
4.529970169,5.246791363,0,-0.08702319115
4.529273987,5.24641943,0,-0.08750070632
4.528049946,5.245848656,0,-0.08834493905
4.523940086,5.243604183,0,-0.09118071944
4.521418571,5.242407322,0,-0.092926085
4.518651009,5.240828991,0,-0.09484440833
4.513840199,5.238492489,0,-0.0981951803
4.513346672,5.23820734,0,-0.09853902459
4.513041496,5.23805666,0,-0.09875188023
4.508235931,5.235179901,0,-0.1021107063
4.504873276,5.233481884,0,-0.1044616252
4.503115177,5.232388496,0,-0.1056891978
4.499977589,5.23075676,0,-0.1078807861
4.498157501,5.229600906,0,-0.1091522798
4.497086525,5.22905159,0,-0.1098984033
4.493523598,5.226752281,0,-0.1123821735
4.490252018,5.225080967,0,-0.11465469
4.489350796,5.224487782,0,-0.115278922
4.487856388,5.223305702,0,-0.1163122728
4.484695435,5.220433712,0,-0.1184948757
4.482072353,5.216362,0,-0.1202972755
4.481514931,5.215380192,0,-0.120679684
4.481318474,5.214524746,0,-0.1208140552
4.480310917,5.20935297,0,-0.1215013489
4.480031013,5.204988956,0,-0.1216946468
5.479827404,5.225665569,0,-0.6084827185
5.47967577,5.225903988,0,-0.6083980799
5.476659775,5.229704857,0,-0.6067540646
4.480031013,5.204988956,0,-0.1216946468
4.480035782,5.204730511,0,-0.1216915399
4.480133057,5.202448845,0,-0.1216255054
4.480302334,5.199323654,0,-0.121510081
4.480340958,5.199086189,0,-0.1214834377
4.480746269,5.197774887,0,-0.1212058589
4.481898785,5.194325447,0,-0.1204161271
4.482543945,5.193351269,0,-0.1199722886
4.484736443,5.190738678,0,-0.1184657663
4.488371372,5.188040733,0,-0.1159546003
4.489346981,5.187464237,0,-0.1152808666
4.490181446,5.187069416,0,-0.1147015467
4.493574619,5.185917854,0,-0.1123476774
4.496070385,5.184727192,0,-0.1106056795
4.498209476,5.183990002,0,-0.1091145799
4.501199245,5.182573318,0,-0.1070252284
4.503101826,5.18188715,0,-0.105696559
4.504354954,5.181293011,0,-0.104821831
4.508226395,5.179913044,0,-0.1021181569
4.512816906,5.177805424,0,-0.09891174734
4.513354301,5.177614212,0,-0.09853696823
4.514173985,5.177244663,0,-0.09796568006
4.518655777,5.175646782,0,-0.09484250844
4.521307945,5.17445612,0,-0.09300369024
4.523961544,5.173515797,0,-0.0911661163
4.52826786,5.171634674,0,-0.08819494396
4.529279232,5.171274185,0,-0.0874966383
4.529862881,5.171022415,0,-0.08709732443
4.53478241,5.16933918,0,-0.08373539895
4.538662434,5.167738438,0,-0.08110189438
4.540323734,5.167194366,0,-0.07997650653
4.543134212,5.166072369,0,-0.07809118927
4.54599762,5.165128708,0,-0.07616815716
4.547502041,5.164547443,0,-0.07516877353
4.551666737,5.163219929,0,-0.07241203636
4.555719852,5.161742687,0,-0.06975966692
4.557128429,5.161317825,0,-0.06884019822
4.55966711,5.160470486,0,-0.06720536947
4.562802315,5.159580708,0,-0.06518283486
4.565037251,5.158855438,0,-0.06376649439
4.569056988,5.157788754,0,-0.06122132018
4.572300911,5.156806469,0,-0.05920137838
4.57494688,5.156087399,0,-0.05755633116
4.579779148,5.154768467,0,-0.05460367724
4.579999924,5.154716492,0,-0.0544686988
4.580159664,5.154678822,0,-0.05437262729
4.585509777,5.153612614,0,-0.05116162449
4.590561867,5.152432919,0,-0.04818639159
4.591119289,5.152318001,0,-0.04785815999
4.591756344,5.152189255,0,-0.04749073461
4.596842766,5.15132618,0,-0.04455844313
4.601523399,5.150462151,0,-0.04192182049
4.602647305,5.150284767,0,-0.0412880145
4.603878498,5.150067329,0,-0.04060905427
4.60849905,5.14939785,0,-0.03805856407
4.612826824,5.148794174,0,-0.03572884575
4.614415646,5.14861393,0,-0.0348729603
4.616127014,5.148366928,0,-0.03397273272
4.620360851,5.147884369,0,-0.03174522892
4.624368191,5.147437096,0,-0.02968512289
4.626316547,5.147268772,0,-0.02868380398
4.62835598,5.147046566,0,-0.02766126022
4.632292747,5.146726608,0,-0.02568807267
4.636088371,5.146360874,0,-0.0238327533
4.638278008,5.146200657,0,-0.02276209928
4.640556335,5.146021366,0,-0.02167463116
4.644272804,5.145813465,0,-0.01990001835
4.647854328,5.145511627,0,-0.01822812483
4.650251865,5.145359039,0,-0.01710935123
4.652742863,5.14522171,0,-0.01597368903
4.656229973,5.145103455,0,-0.01438468695
4.659573555,5.144855976,0,-0.0128924204
4.662182331,5.144731045,0,-0.01172877382
4.664910316,5.144610882,0,-0.01053754333
4.668129921,5.144542217,0,-0.009132284671
4.671226978,5.144325733,0,-0.007808842231
4.674069881,5.144203186,0,-0.006593733095
4.677053452,5.144051075,0,-0.0053406558
4.679999828,5.143965721,0,-0.004103050102
4.682786465,5.143821239,0,-0.002952890703
4.685751915,5.143752575,0,-0.001729025971
4.688662529,5.143651485,0,-0.000546334195
4.691567421,5.143622398,0,0.0006340229884
4.694689751,5.143436909,0,0.001883798279
4.697467804,5.143342972,0,0.002996963449
4.699714184,5.143269539,0,0.003885571612
4.703320503,5.143200874,0,0.00531230215
4.708954811,5.142977238,0,0.007518583443
4.708984375,5.142976761,0,0.007530073635
4.709079742,5.142972469,0,0.007567163557
4.715084553,5.142789364,0,0.009897105396
4.716327667,5.142753601,0,0.01037799846
4.719242573,5.142674446,0,0.01149979886
4.722836018,5.142602921,0,0.0128826201
4.725429535,5.142492771,0,0.01387521997
4.728767395,5.142400742,0,0.01515293494
4.732365131,5.142307281,0,0.01652774028
4.734548092,5.142264843,0,0.01736254804
4.736624718,5.142190456,0,0.01815678738
4.740298271,5.142103672,0,0.01956186257
4.743981361,5.142002583,0,0.0209712591
4.74604845,5.141954422,0,0.02176203206
4.748162746,5.141890049,0,0.02257411927
4.751796246,5.141821861,0,0.02396984212
4.755248547,5.141705513,0,0.02530064993
4.757526875,5.141644001,0,0.02617911063
4.760015011,5.141575336,0,0.02714542858
4.763201237,5.141528606,0,0.0283833202
4.766158104,5.141409397,0,0.02953913063
4.76883173,5.14133358,0,0.03058435768
4.771611214,5.14124918,0,0.03168214113
4.774422646,5.141212463,0,0.03279165179
4.777146339,5.141077518,0,0.03387707099
4.78000021,5.140976906,0,0.03501370177
4.782839298,5.140900135,0,0.03615701571
4.785847187,5.140866756,0,0.03736883402
4.789310455,5.14069128,0,0.03878105432
4.79169178,5.14060688,0,0.0397522375
4.793766022,5.140530586,0,0.04060905054
4.797540188,5.140453815,0,0.04216640443
4.801858902,5.140233994,0,0.04397198185
4.803390026,5.140177727,0,0.04461205751
4.804736137,5.140124798,0,0.04518259317
4.809239864,5.140012741,0,0.04709116369
4.814346313,5.139754295,0,0.04928549007
4.815090179,5.139725685,0,0.04960492998
4.815747261,5.139699459,0,0.04989078268
4.820950031,5.139542103,0,0.05215480551
4.826802731,5.139248371,0,0.05473412573
4.826819897,5.139247894,0,0.05474170297
4.826839447,5.139246941,0,0.05475034192
4.832689762,5.139051437,0,0.05736479908
4.837930202,5.138801575,0,0.05973253399
4.838570595,5.138783932,0,0.06002182513
4.839289188,5.138742924,0,0.06035057455
4.844455719,5.13855648,0,0.06271399558
4.849102974,5.138348579,0,0.06485852599
4.85036087,5.138317108,0,0.06543924659
4.851764202,5.138234615,0,0.06609432399
4.856266022,5.138064861,0,0.06819628924
4.8603158,5.13790369,0,0.07009935379
4.8621912,5.13786602,0,0.07098094374
4.864287376,5.137747288,0,0.07197260112
4.868127346,5.137600422,0,0.07378979027
4.871599674,5.137474537,0,0.07544296235
4.874062538,5.137432098,0,0.07661472261
4.876767159,5.137284279,0,0.07790673524
4.880000114,5.137154579,0,0.07945059985
4.88296032,5.137069225,0,0.08086550981
4.885749817,5.137030125,0,0.08219984919
4.888579369,5.136890411,0,0.08355334401
4.891437531,5.136798859,0,0.08492080867
4.894429207,5.136701584,0,0.08634604514
4.89705658,5.136665344,0,0.08759789914
4.899247646,5.136556149,0,0.088637501
4.902680874,5.136452675,0,0.09026689827
4.907466412,5.136273384,0,0.09252287447
4.908631325,5.136257172,0,0.09307232499
4.909561634,5.13621664,0,0.09350607544
4.914809704,5.136097908,0,0.09595226496
4.920207024,5.135822296,0,0.09843225032
4.920909882,5.135803223,0,0.09875518829
4.921630859,5.135770798,0,0.09908100218
4.926922798,5.13563633,0,0.1014732197
4.932008266,5.135334015,0,0.1037207171
4.932928562,5.13530159,0,0.1041273773
4.933883667,5.135254383,0,0.1045387164
4.938976765,5.135100842,0,0.1067328081
4.943898678,5.134747982,0,0.108787179
4.945199966,5.13468504,0,0.1093307063
4.946459293,5.134613037,0,0.1098373234
4.951584816,5.134418011,0,0.1118947342
4.95716095,5.13397646,0,0.1140393019
4.957445145,5.133957386,0,0.1141478866
4.957873821,5.133921146,0,0.1143047139
4.962968349,5.133605003,0,0.1161731407
4.967384338,5.133249283,0,0.1177093685
4.968514919,5.133180141,0,0.1181023791
4.969604015,5.133064747,0,0.1184576899
4.974209785,5.132683277,0,0.1199614182
4.979225159,5.132182598,0,0.1214812025
4.980000019,5.132119179,0,0.1217160001
4.980744839,5.13203764,0,0.1219222173
4.986010075,5.131568909,0,0.1233799979
4.991468906,5.130972862,0,0.1247333214
4.992021084,5.13092041,0,0.1248702258
4.992552757,5.130851746,0,0.1249855533
4.998040199,5.130223274,0,0.1261764616
5.003673553,5.129526615,0,0.1272131354
5.004021168,5.129486084,0,0.1272771955
5.004358768,5.129439831,0,0.1273274273
5.009999275,5.128728867,0,0.1281673908
5.015799522,5.127896309,0,0.1288146526
5.015910149,5.12788105,0,0.1288269907
5.016016006,5.127865791,0,0.1288347095
5.0218153,5.127104282,0,0.1292549968
5.027479649,5.12620306,0,0.1294339895
5.027672291,5.126176834,0,0.1294400096
5.027875423,5.126145363,0,0.1294375956
5.033518314,5.125375748,0,0.1293728799
5.038783073,5.124466896,0,0.1290768534
5.039336205,5.124384403,0,0.1290455014
5.039921761,5.124293327,0,0.1289850175
5.045157433,5.123572826,0,0.1284461468
5.050113201,5.122691631,0,0.1276951432
5.050978661,5.122554302,0,0.1275635511
5.051882267,5.122409344,0,0.1273801774
5.056792736,5.121692181,0,0.1263862699
5.061497688,5.120866776,0,0.125188008
5.062607765,5.120687962,0,0.1249048635
5.063753605,5.120501041,0,0.1245509088
5.06842041,5.1197896,0,0.123110719
5.072931767,5.119006157,0,0.121463038
5.074213505,5.118802547,0,0.1209946573
5.07552433,5.118571281,0,0.1204407588
5.079999924,5.117844105,0,0.1185500026
5.084389687,5.11711359,0,0.1164325997
5.085936069,5.116882801,0,0.1156868786
5.087574959,5.11660862,0,0.1147944033
5.091847897,5.115956783,0,0.1124666184
5.095854282,5.11529541,0,0.1100301966
5.097732067,5.115015507,0,0.1088898852
5.09971714,5.114686489,0,0.1075551361
5.103605747,5.114103794,0,0.1049409881
5.107252598,5.113516331,0,0.1022507176
5.109470367,5.113195419,0,0.1006146148
5.111845493,5.112817764,0,0.09870258719
5.115337372,5.112324238,0,0.09588933736
5.118578434,5.111820698,0,0.09306269884
5.121220589,5.111455917,0,0.09075849503
5.124108315,5.111026764,0,0.08804257214
5.127112389,5.110637665,0,0.08521510661
5.129855633,5.110233784,0,0.08243689686
5.133001328,5.109827995,0,0.07925322652
5.136461258,5.109348774,0,0.07550938427
5.138879776,5.109063625,0,0.07289297879
5.141055584,5.108761787,0,0.07038787752
5.144776821,5.10832119,0,0.06610393524
5.148945332,5.10780859,0,0.06099632382
5.1506567,5.107635975,0,0.05889946595
5.152168751,5.107440948,0,0.05694221705
5.156554222,5.10697031,0,0.05126462877
5.161542892,5.106455326,0,0.04444446415
5.162431717,5.106384277,0,0.04322818294
5.163199902,5.106297016,0,0.04212383553
5.168310642,5.1058321,0,0.03477283567
5.174143314,5.105340004,0,0.02596873045
5.174160004,5.10533905,0,0.02594351955
5.174179077,5.105337143,0,0.02591314353
5.179999828,5.104913235,0,0.01672790013
5.185622215,5.104538918,0,0.007457045838
5.185750008,5.104533195,0,0.007246054709
5.185904503,5.104522228,0,0.006981021259
5.191471577,5.104271412,0,-0.002566708485
5.196026802,5.104055405,0,-0.01067803148
5.197163105,5.104035378,0,-0.0127016725
5.198523521,5.103972435,0,-0.01521337777
5.202836037,5.103909969,0,-0.02317073569
5.206379414,5.10380125,0,-0.02993364818
5.208490372,5.103801727,0,-0.03396134079
5.211027622,5.10377121,0,-0.03896446154
5.214112759,5.103838921,0,-0.04504364729
5.216626167,5.103823185,0,-0.05014636368
5.219721317,5.103890896,0,-0.05642637983
5.223505974,5.10396862,0,-0.06432840228
5.225299358,5.10406208,0,-0.06806993484
5.226748466,5.10410881,0,-0.07117752731
5.230852127,5.104341507,0,-0.07998110354
5.235949516,5.104563236,0,-0.0911751911
5.236410618,5.104599476,0,-0.09218675643
5.236783028,5.104624748,0,-0.09302349389
5.241934299,5.105141163,0,-0.1045992225
5.246756554,5.105516911,0,-0.1156748757
5.247471333,5.105595589,0,-0.1173179373
5.248362064,5.10568285,0,-0.1194032878
5.252985001,5.106296062,0,-0.1302193105
5.256745338,5.106752872,0,-0.1391833872
5.258494854,5.107009411,0,-0.143355608
5.260652542,5.107294083,0,-0.1485896707
5.263963699,5.107859612,0,-0.1566241384
5.266648293,5.108280182,0,-0.1632370949
5.269385338,5.108815193,0,-0.1699787974
5.272758007,5.109369755,0,-0.17838943
5.274748325,5.109787941,0,-0.1833508313
5.276350975,5.110091686,0,-0.1873984784
5.28000021,5.110940933,0,-0.1966149956
5.284490585,5.11191988,0,-0.2080853432
5.285726547,5.112241745,0,-0.2112422585
5.286907196,5.112520218,0,-0.2142817378
5.291368008,5.113761425,0,-0.2257772088
5.295970917,5.114938736,0,-0.2377316654
5.296952248,5.115235329,0,-0.240282163
5.297881603,5.11549139,0,-0.2427120209
5.302473068,5.116960526,0,-0.2547163069
5.307309628,5.118377209,0,-0.2674370706
5.307983875,5.118608952,0,-0.2692115307
5.30862999,5.118810177,0,-0.2709124982
5.313456059,5.12056303,0,-0.2836279273
5.318515778,5.122228622,0,-0.2969751954
5.318958759,5.122398853,0,-0.298145622
5.319394588,5.122549534,0,-0.2992965579
5.324403763,5.124565125,0,-0.3125387728
5.329595089,5.126458645,0,-0.3261945546
5.329901218,5.126587868,0,-0.3270002604
5.330206871,5.126703739,0,-0.3278017044
5.335334301,5.128962517,0,-0.3412672877
5.340565205,5.131047726,0,-0.3549429476
5.34080267,5.131156921,0,-0.3555637598
5.341044426,5.131256104,0,-0.3561893106
5.346236229,5.133733273,0,-0.3696477115
5.351410389,5.13595438,0,-0.3829336464
5.351747036,5.136120796,0,-0.3837988377
5.35210371,5.136279583,0,-0.3847048283
5.35724926,5.138956547,0,-0.3977864683
5.362105846,5.141175747,0,-0.4099711478
5.362891674,5.141592979,0,-0.4119419754
5.363753319,5.141997337,0,-0.4140678644
5.368553162,5.144660473,0,-0.4259060919
5.373049259,5.14685154,0,-0.4367918968
5.3743186,5.147573948,0,-0.4398620725
5.375655651,5.148230553,0,-0.4430329204
5.380000114,5.150776863,0,-0.4533360004
5.384595871,5.153147697,0,-0.4639484584
5.38636446,5.154204369,0,-0.4680328369
5.388267994,5.155202866,0,-0.4722967148
5.392688274,5.15794754,0,-0.482198894
5.396605015,5.160070896,0,-0.4906671941
5.399175167,5.161713123,0,-0.4962185025
5.402454376,5.163522243,0,-0.5030081272
5.406045437,5.165925503,0,-0.5104555488
5.408557892,5.167366505,0,-0.5154179931
5.413440228,5.170798302,0,-0.5249920487
5.419400215,5.174315453,0,-0.5360506177
5.421318054,5.175553322,0,-0.5395316482
5.427815914,5.179715633,0,-0.5507335067
5.428759098,5.180343628,0,-0.5523058176
5.435332298,5.184693336,0,-0.5627134442
5.435726643,5.184963226,0,-0.5633155704
5.441253662,5.188725471,0,-0.5713282824
5.442228794,5.189417362,0,-0.5727446079
5.44230938,5.189472675,0,-0.5728541613
5.448192596,5.193749905,0,-0.5805958509
5.448963165,5.194283962,0,-0.581541419
5.453275204,5.197501659,0,-0.5866863728
5.456134319,5.199480057,0,-0.5897675753
5.458589554,5.201527596,0,-0.5924142599
5.459835529,5.202466011,0,-0.5936533213
5.466768265,5.207607746,0,-0.5999135375
5.467738152,5.208422661,0,-0.6007348299
5.469665051,5.209655762,0,-0.6021062136
5.474076271,5.213533401,0,-0.6052744985
5.478112698,5.21860981,0,-0.6075740457
5.478425503,5.219753742,0,-0.6077716947
5.479785442,5.225482464,0,-0.6084653139
5.479827404,5.225665569,0,-0.6084827185
