5.476659775,5.112314701,0,-0.1801576316
5.474071026,5.113988876,0,-0.1693377197
5.4689641,5.115484715,0,-0.1483509243
5.467656612,5.115609646,0,-0.142969206
5.466758728,5.115839481,0,-0.1393358856
5.459918976,5.117244244,0,-0.1118511483
5.458571434,5.117560387,0,-0.1065127552
5.455992222,5.118456841,0,-0.09642393887
5.453306675,5.119019032,0,-0.08591981977
5.448935509,5.120294094,0,-0.06916096061
5.448218822,5.120474815,0,-0.06642774493
5.442302704,5.122311592,0,-0.04424613342
5.442249298,5.122327805,0,-0.04404751211
5.441580772,5.122549534,0,-0.04161248729
5.435731888,5.124326706,0,-0.02029428817
5.435326099,5.124461174,0,-0.01884040236
5.42877388,5.126619339,0,0.004273548722
5.427817822,5.126961708,0,0.007568983827
5.421319008,5.12924099,0,0.02960880473
5.419398308,5.129990101,0,0.03593060002
5.413437843,5.132068634,0,0.05528042465
5.408551216,5.134520531,0,0.07053206861
5.406061649,5.135463715,0,0.07826372981
5.402519703,5.137272835,0,0.08878903091
5.399215221,5.138569832,0,0.09862907231
5.396608829,5.139919281,0,0.1060295999
5.392719269,5.141562462,0,0.1170677543
5.38831377,5.143927097,0,0.129004702
5.386381626,5.144777298,0,0.134240672
5.384596825,5.145750999,0,0.1388356835
5.380000114,5.147883415,0,0.1506689936
5.375655651,5.150345325,0,0.1613196284
5.3743186,5.150976181,0,0.1645986289
5.373045444,5.151711464,0,0.1675674319
5.368549824,5.153944492,0,0.1780295223
5.363762856,5.156780243,0,0.1885878444
5.362883568,5.157225132,0,0.1905301809
5.362081051,5.157701969,0,0.1922092289
5.357251167,5.16022253,0,0.2022955418
5.35215044,5.163337231,0,0.2123401612
5.351758003,5.163547039,0,0.2131131291
5.351388931,5.163771629,0,0.2137977779
5.346256733,5.166566372,0,0.2233056873
5.341081619,5.169759274,0,0.2322877944
5.340823174,5.169901848,0,0.2327375114
5.340569019,5.170059681,0,0.2331497818
5.335339546,5.172981739,0,0.2416143268
5.330207348,5.176189899,0,0.2493392676
5.329901695,5.176361561,0,0.2497994602
5.329596519,5.176552773,0,0.2502237856
5.3244133,5.179498672,0,0.2574345767
5.319378853,5.182652473,0,0.2638622224
5.318959236,5.182891369,0,0.2643978298
5.318532944,5.183158398,0,0.2648942173
5.313460827,5.186060905,0,0.2708000243
5.30862236,5.189091206,0,0.2759002745
5.307994366,5.189452648,0,0.2765627205
5.307333946,5.189864159,0,0.2771850228
5.302473068,5.192640305,0,0.2817665935
5.297881603,5.195466995,0,0.2855971158
5.296952248,5.195997715,0,0.2863719463
5.295974255,5.196596622,0,0.2870821059
5.291368008,5.199203968,0,0.2904263139
5.286903381,5.201899052,0,0.2931909859
5.285726547,5.202559948,0,0.2939189076
5.284490585,5.203301907,0,0.2945533395
5.28000021,5.205809116,0,0.2968589962
5.276069164,5.208097935,0,0.298481673
5.274781227,5.20879364,0,0.2990138829
5.273438454,5.209572315,0,0.2994430661
5.269480228,5.211676121,0,0.3007090092
5.265658855,5.213861465,0,0.3015715778
5.264078617,5.214694977,0,0.3019284606
5.262410641,5.215622425,0,0.3021506965
5.258583546,5.217568398,0,0.3026619852
5.255056381,5.219499111,0,0.3028116822
5.25302124,5.220536709,0,0.3028970063
5.250762463,5.221739292,0,0.3027895689
5.247407913,5.22339201,0,0.3026325405
5.244442463,5.224925518,0,0.3022353351
5.241782188,5.226233006,0,0.3018764853
5.238779068,5.227759361,0,0.3012198508
5.236139774,5.229010105,0,0.300644815
5.233775139,5.230175495,0,0.2999364138
5.230482578,5.231699944,0,0.2989481688
5.226926804,5.233437061,0,0.297603935
5.224790096,5.234395981,0,0.2967968285
5.22274828,5.235347748,0,0.2958696187
5.219042778,5.236943245,0,0.2941868007
5.215370655,5.238647938,0,0.2922509611
5.213257313,5.239542007,0,0.291134268
5.210921764,5.240570545,0,0.2897365987
5.20744133,5.241980553,0,0.2876608372
5.20472002,5.243174553,0,0.2858634889
5.201806068,5.244344234,0,0.2839300334
5.197885036,5.245940685,0,0.2810952067
5.196401596,5.246503353,0,0.2800248265
5.195224762,5.24698925,0,0.2791100442
5.191011429,5.248601913,0,0.2758295238
5.186149597,5.250452995,0,0.2717936039
5.185542583,5.250668049,0,0.2712902427
5.184981346,5.250883102,0,0.2707955539
5.179999828,5.252656937,0,0.2664070129
5.174832821,5.254466057,0,0.2616103888
5.174267769,5.254650593,0,0.2610856593
5.173650265,5.254867554,0,0.2604846954
5.168594837,5.25653553,0,0.2555642426
5.164138794,5.257997513,0,0.2510448396
5.163122654,5.258309364,0,0.2500131726
5.1616745,5.258770466,0,0.2484876066
5.157792091,5.259953976,0,0.244405359
5.155626774,5.260595798,0,0.2420650423
5.151618958,5.26174593,0,0.237708047
5.145389557,5.263516426,0,0.2307220101
5.144884109,5.263648987,0,0.2301556617
5.144407272,5.263786316,0,0.2296054214
5.138475895,5.265352726,0,0.2227660418
5.133063316,5.266704559,0,0.2163800448
5.132309914,5.266876698,0,0.2154914439
5.131438255,5.267096996,0,0.2144442797
5.126289368,5.268292904,0,0.2082632929
5.122225285,5.26920557,0,0.2033085674
5.12060833,5.26954031,0,0.2013361603
5.118652821,5.269967556,0,0.1989238113
5.115637779,5.270586491,0,0.1952067912
5.111188412,5.271471977,0,0.1896792054
5.110379219,5.271623135,0,0.1886744201
5.109938622,5.271713257,0,0.1881238222
5.104394436,5.272722244,0,0.1811843216
5.099223614,5.273615837,0,0.174686268
5.09821701,5.273771763,0,0.1734212488
5.097068787,5.273967743,0,0.1719730645
5.092105865,5.274727345,0,0.1657136828
5.087407589,5.275440693,0,0.1597885042
5.086038589,5.275626659,0,0.1580628157
5.084619999,5.275833607,0,0.1562771946
5.079999924,5.276429653,0,0.1504629999
5.075583935,5.276968479,0,0.1449252218
5.074339867,5.277103901,0,0.1433654428
5.073112488,5.277242184,0,0.1418359578
5.068749905,5.277677536,0,0.1364047229
5.064175129,5.278170109,0,0.1307458282
5.063398838,5.27824688,0,0.1297862828
5.062758923,5.278304577,0,0.1290006191
5.058315754,5.278673649,0,0.1235489622
5.055036545,5.278944016,0,0.1195666492
5.052165508,5.279115677,0,0.1160908565
5.047455311,5.279531956,0,0.1104549021
5.045471668,5.279670715,0,0.1080795228
5.043782234,5.279778481,0,0.1060906276
5.039241314,5.279965401,0,0.1007447094
5.034440994,5.280279636,0,0.09519923478
5.033247948,5.280337811,0,0.09382035583
5.032123089,5.280398369,0,0.09254303575
5.027390003,5.280544758,0,0.08716841042
5.022446156,5.280778408,0,0.08166728169
5.021737576,5.280799866,0,0.08087839186
5.021054268,5.280834198,0,0.080133982
5.016332626,5.280955315,0,0.074984245
5.012138367,5.2810812,0,0.07049503922
5.011829853,5.281085491,0,0.07016555965
5.005529881,5.281224728,0,0.06358545274
5.005484104,5.281225681,0,0.06353770196
5.005414009,5.281228542,0,0.06346666068
4.998400688,5.281356335,0,0.05635531247
4.992536545,5.281443596,0,0.05059078336
4.992147446,5.281443119,0,0.05020874366
4.991722107,5.281454086,0,0.04980409518
4.98602581,5.28152132,0,0.04438602552
4.980728149,5.281630993,0,0.03950306401
4.980000019,5.281630993,0,0.03883219883
4.979210377,5.281644344,0,0.03812878206
4.974072456,5.281644821,0,0.0335524343
4.969370842,5.281692982,0,0.02950154431
4.968176365,5.2816782,0,0.02847335115
4.966859818,5.281705856,0,0.02738149464
4.962342262,5.2817173,0,0.02363567799
4.958330631,5.281761169,0,0.02042058483
4.956791878,5.28174305,0,0.01918874122
4.955265522,5.281774044,0,0.01800883934
4.9518466,5.281772614,0,0.01536868513
4.947303295,5.281783104,0,0.0119854603
4.945748329,5.281783581,0,0.0108336173
4.943558216,5.281795979,0,0.009277100675
4.939017296,5.28172493,0,0.006045029033
4.934617996,5.281764984,0,0.003064841498
4.932897091,5.281750202,0,0.001898317365
4.931201935,5.281757355,0,0.0008016372449
4.926919937,5.281674385,0,-0.001969733741
4.922739029,5.281671047,0,-0.004552361555
4.921004295,5.281635761,0,-0.005623565055
4.919208527,5.281637669,0,-0.006679634564
4.915110588,5.281546593,0,-0.009087075479
4.911191463,5.28150177,0,-0.01128310524
4.909249783,5.281440258,0,-0.01237042621
4.907194138,5.281438351,0,-0.01346226595
4.903392792,5.281346798,0,-0.01548256353
4.899801731,5.281258583,0,-0.01729885116
4.897542,5.281157494,0,-0.0184410885
4.895127296,5.281136036,0,-0.01959837414
4.89169836,5.281033039,0,-0.02124070376
4.888441563,5.280915737,0,-0.02271760069
4.885847569,5.280773163,0,-0.02389410883
4.883112431,5.280716896,0,-0.02506861836
4.880000114,5.280605793,0,-0.02640590072
4.877182007,5.280460358,0,-0.02755042352
4.874159813,5.280263424,0,-0.0287771374
4.870654106,5.280135632,0,-0.03011973947
4.868308067,5.280016899,0,-0.03101759404
4.866274357,5.279902458,0,-0.03175386414
4.862463474,5.27963686,0,-0.033133246
4.858082294,5.279434204,0,-0.03462615237
4.856608868,5.27934885,0,-0.03512810543
4.855313301,5.279265404,0,-0.0355440937
4.850754261,5.27892065,0,-0.03700821102
4.845602036,5.278634071,0,-0.03856765851
4.844900131,5.278587818,0,-0.0387802422
4.844275951,5.278545856,0,-0.03895810619
4.839044571,5.278136253,0,-0.0404504016
4.833197117,5.27777338,0,-0.04202066362
4.833179951,5.27777195,0,-0.04202530161
4.833160877,5.277770996,0,-0.04203018174
4.827310085,5.277295589,0,-0.04351063818
4.82204628,5.27694416,0,-0.04476666078
4.821439266,5.276891232,0,-0.0449113287
4.820760727,5.276850224,0,-0.04506374523
4.81554842,5.276428699,0,-0.04623501003
4.810860157,5.276101112,0,-0.04723147303
4.809658051,5.275991917,0,-0.04748718441
4.808316231,5.275913239,0,-0.0477566123
4.803743839,5.275553703,0,-0.04867428914
4.799612045,5.275258541,0,-0.0494597815
4.797818661,5.275095463,0,-0.04980073869
4.795820236,5.274987698,0,-0.05016127601
4.79188633,5.274691105,0,-0.0508720465
4.78834343,5.274430752,0,-0.05148050562
4.785948277,5.274207592,0,-0.05189199373
4.783270836,5.274067879,0,-0.0523301512
4.78000021,5.273845673,0,-0.05286530033
4.776650906,5.273598194,0,-0.05338984355
4.774337292,5.273393631,0,-0.05375232548
4.772554398,5.273310661,0,-0.05402097851
4.768679142,5.27303648,0,-0.05460520089
4.763613224,5.272686005,0,-0.05534045026
4.763024807,5.272634029,0,-0.05542589724
4.762578487,5.272614479,0,-0.05548853055
4.757370949,5.272255898,0,-0.05621839315
4.752649307,5.271947384,0,-0.05686017126
4.751749992,5.271883011,0,-0.05698237196
4.750567913,5.27180481,0,-0.05713850632
4.746158123,5.271493912,0,-0.05772103369
4.742798805,5.271280766,0,-0.05815424025
4.740596771,5.27112627,0,-0.05843768269
4.737784386,5.270931721,0,-0.05879106373
4.735041142,5.27073431,0,-0.05913579464
4.732870579,5.270593166,0,-0.05940273777
4.729492188,5.270347118,0,-0.0598182641
4.725292206,5.270061016,0,-0.06032439321
4.723950386,5.269962788,0,-0.06048622727
4.722868919,5.269889355,0,-0.06061416119
4.71842432,5.269548893,0,-0.06114039943
4.712979317,5.269156456,0,-0.06177222729
4.712901115,5.269150734,0,-0.06178129092
4.712837219,5.269146442,0,-0.06178857759
4.707388878,5.268714428,0,-0.06241027638
4.70275116,5.26836729,0,-0.06292931736
4.701889515,5.268276691,0,-0.06302577257
4.700864315,5.268213272,0,-0.06313810498
4.69639349,5.267834187,0,-0.06362805516
4.69262886,5.267531872,0,-0.06403232366
4.690919399,5.267344952,0,-0.06421587616
4.688931942,5.267215252,0,-0.06442399323
4.685451984,5.266909599,0,-0.06478877366
4.682465553,5.266688824,0,-0.0650934279
4.679999828,5.266434669,0,-0.06534510106
4.677109241,5.266202927,0,-0.06563101709
4.674352169,5.265916824,0,-0.06590358168
4.671840191,5.265679836,0,-0.06614271551
4.668711185,5.265294552,0,-0.0664402917
4.665260792,5.265014172,0,-0.06675492972
4.663089275,5.264788628,0,-0.06695298851
4.66113615,5.264579773,0,-0.06712192297
4.657479286,5.264103413,0,-0.06743802875
4.653372288,5.263701916,0,-0.06777178496
4.651879787,5.263526917,0,-0.06789316237
4.650559425,5.263365269,0,-0.06799277663
4.646296978,5.262761116,0,-0.06831423193
4.641430855,5.262155533,0,-0.06864951551
4.640725136,5.262052059,0,-0.068698138
4.640111446,5.261970997,0,-0.0687359646
4.635162354,5.26121521,0,-0.06904038042
4.629790306,5.260371208,0,-0.06932718307
4.629608631,5.260337353,0,-0.06933689117
4.629393101,5.260304928,0,-0.06934644282
4.624076843,5.259362698,0,-0.0695829764
4.619643688,5.258530617,0,-0.06973649561
4.618555546,5.258300304,0,-0.06977400929
4.61722517,5.258043289,0,-0.06980558485
4.613040447,5.257113457,0,-0.06990552694
4.609703064,5.256422043,0,-0.06994608045
4.607494354,5.255902767,0,-0.06997240335
4.604690075,5.255230904,0,-0.06996969134
4.60191679,5.254472733,0,-0.06996756047
4.599773884,5.253934383,0,-0.06993597001
4.596328735,5.252969742,0,-0.06988436729
4.592032433,5.251783371,0,-0.06975527108
4.590785503,5.25139761,0,-0.06971793622
4.589808464,5.251094818,0,-0.06967298687
4.585340977,5.24957943,0,-0.06946728379
4.580147743,5.247964859,0,-0.0691408962
4.579999924,5.247913361,0,-0.06913159788
4.579779148,5.247836113,0,-0.06911376864
4.57494688,5.245961666,0,-0.06872609258
4.572300911,5.244923592,0,-0.06846512109
4.569046974,5.243545532,0,-0.06813935935
4.565006256,5.241961002,0,-0.0676465258
4.562796593,5.240960598,0,-0.06737358868
4.559733868,5.239685535,0,-0.06692261249
4.55713129,5.238471031,0,-0.06654442102
4.555681705,5.23783493,0,-0.06630385667
4.551690102,5.235824108,0,-0.06561943144
4.547515869,5.233902931,0,-0.06481546909
4.546026707,5.233115196,0,-0.06451969594
4.543131828,5.231723309,0,-0.06387648731
4.540348053,5.230193138,0,-0.06326498091
4.538729668,5.229410172,0,-0.0628695637
4.534788609,5.227174282,0,-0.06188420951
4.529970169,5.224747658,0,-0.06055361778
4.529273987,5.224333763,0,-0.06035796553
4.528049946,5.22369194,0,-0.05998152867
4.523940086,5.221210957,0,-0.05872569606
4.521418571,5.219879627,0,-0.05788914487
4.518651009,5.218159199,0,-0.05695616454
4.513840199,5.215589523,0,-0.05519834906
4.513346672,5.215280533,0,-0.0550191626
4.513041496,5.215115547,0,-0.05490001664
4.508235931,5.212020397,0,-0.05299253017
4.504873276,5.210185528,0,-0.05156188458
4.503115177,5.209022045,0,-0.05080642179
4.499977589,5.207283974,0,-0.04936439544
4.498157501,5.206065178,0,-0.04853177816
4.497086525,5.205484867,0,-0.04801161215
4.493523598,5.203077316,0,-0.04626365006
4.490252018,5.201312542,0,-0.04457025975
4.489350796,5.200697422,0,-0.04410205781
4.487856388,5.199486732,0,-0.04328063875
4.484695435,5.196557522,0,-0.04155247658
4.482072353,5.192441463,0,-0.04004609957
4.481514931,5.191450119,0,-0.03972582892
4.481318474,5.190592289,0,-0.03960998729
4.480310917,5.185408592,0,-0.03901823238
4.480031013,5.18103981,0,-0.03885070607
5.479827404,5.106018066,0,-0.1934386343
5.47967577,5.106365204,0,-0.1928031296
5.476659775,5.112314701,0,-0.1801576316
4.480031013,5.18103981,0,-0.03885070607
4.480035782,5.180780888,0,-0.0388533175
4.480133057,5.178498745,0,-0.0389107801
4.480302334,5.175373077,0,-0.03901101276
4.480340958,5.175136089,0,-0.03903410956
4.480746269,5.17383337,0,-0.03927263245
4.481898785,5.170405388,0,-0.03995085508
4.482543945,5.169442654,0,-0.04031987488
4.484736443,5.166862965,0,-0.04157617688
4.488371372,5.164241314,0,-0.04356779158
4.489346981,5.163683891,0,-0.04410015419
4.490181446,5.163310528,0,-0.0445310697
4.493574619,5.162241459,0,-0.04628853127
4.496070385,5.161122799,0,-0.04751515016
4.498209476,5.160449982,0,-0.04855717346
4.501199245,5.15914011,0,-0.04992658645
4.503101826,5.158522129,0,-0.05080186576
4.504354954,5.157978058,0,-0.05134039372
4.508226395,5.156755447,0,-0.05298808217
4.512816906,5.154854774,0,-0.05481010675
4.513354301,5.154688358,0,-0.05502016842
4.514173985,5.154358864,0,-0.05531798303
4.518655777,5.152977943,0,-0.05695712939
4.521307945,5.151927471,0,-0.05785145611
4.523961544,5.151130199,0,-0.05873247981
4.52826786,5.149493217,0,-0.06004833058
4.529279232,5.149188995,0,-0.06035970896
4.529862881,5.148972988,0,-0.06052336842
4.53478241,5.147589207,0,-0.06188004464
4.538662434,5.146234035,0,-0.06285153329
4.540323734,5.145795822,0,-0.06325802207
4.543134212,5.144861698,0,-0.06387637556
4.54599762,5.144108772,0,-0.06451343
4.547502041,5.143632412,0,-0.06481271237
4.551666737,5.142597198,0,-0.06561547518
4.555719852,5.141410828,0,-0.06631013751
4.557128429,5.141086102,0,-0.06654406339
4.55966711,5.140428543,0,-0.06691276282
4.562802315,5.139770508,0,-0.06737425178
4.565037251,5.139213085,0,-0.06765007228
4.569056988,5.138448715,0,-0.06813993305
4.572300911,5.13771677,0,-0.06846507639
4.57494688,5.137205124,0,-0.06872625649
4.579779148,5.136271,0,-0.06911377609
4.579999924,5.136236668,0,-0.06913159788
4.580159664,5.136211395,0,-0.06914161891
4.585509777,5.135572433,0,-0.06947654486
4.590561867,5.13479805,0,-0.06970540434
4.591119289,5.134728432,0,-0.06973066181
4.591756344,5.134651661,0,-0.06974903494
4.596842766,5.134205818,0,-0.06989549845
4.601523399,5.133729458,0,-0.06995753199
4.602647305,5.133645058,0,-0.06997249275
4.603878498,5.133526802,0,-0.06997102499
4.60849905,5.13323164,0,-0.06996534765
4.612826824,5.132982731,0,-0.06990190595
4.614415646,5.132934093,0,-0.06987866759
4.616127014,5.132828236,0,-0.06983246654
4.620360851,5.132697582,0,-0.06971794367
4.624368191,5.132583618,0,-0.06956414133
4.626316547,5.132578373,0,-0.06948948652
4.62835598,5.132524014,0,-0.0693904683
4.632292747,5.132526875,0,-0.0691993162
4.636088371,5.132465839,0,-0.06898030639
4.638278008,5.132482529,0,-0.06885395199
4.640556335,5.132487774,0,-0.06870367378
4.644272804,5.132583141,0,-0.06845838577
4.647854328,5.132575035,0,-0.06819552928
4.650251865,5.132616997,0,-0.06801962107
4.652742863,5.132677555,0,-0.06782076508
4.656229973,5.13283062,0,-0.06754250079
4.659573555,5.13285017,0,-0.06725618988
4.662182331,5.132931232,0,-0.06703293324
4.664910316,5.1330266,0,-0.06678584963
4.668129921,5.13321209,0,-0.06649437547
4.671226978,5.133235455,0,-0.06620071083
4.674069881,5.13333559,0,-0.06593107432
4.677053452,5.133412361,0,-0.0656362623
4.679999828,5.133555412,0,-0.06534510106
4.682786465,5.133628368,0,-0.06506051868
4.685751915,5.133790016,0,-0.06475774944
4.688662529,5.13391304,0,-0.06445201486
4.691567421,5.134102345,0,-0.06414677203
4.694689751,5.134152412,0,-0.06381056458
4.697467804,5.1342659,0,-0.06351139396
4.699714184,5.134365082,0,-0.06326420605
4.703320503,5.134568691,0,-0.0628664121
4.708954811,5.134765148,0,-0.06223273277
4.708984375,5.134766579,0,-0.06222941726
4.709079742,5.134769917,0,-0.06221842393
4.715084553,5.135034561,0,-0.06152909994
4.716327667,5.135092258,0,-0.06138492748
4.719242573,5.135229111,0,-0.06104170159
4.722836018,5.135428905,0,-0.0606193468
4.725429535,5.135514259,0,-0.06030809507
4.728767395,5.135676384,0,-0.05990709737
4.732365131,5.13585186,0,-0.05946547911
4.734548092,5.135971546,0,-0.05919745564
4.736624718,5.136054993,0,-0.05893661827
4.740298271,5.136246204,0,-0.05847498029
4.743981361,5.136425018,0,-0.0580012016
4.74604845,5.136534214,0,-0.05773544312
4.748162746,5.13663435,0,-0.05745604634
4.751796246,5.13684845,0,-0.05697578937
4.755248547,5.137001514,0,-0.05650665984
4.757526875,5.137116432,0,-0.05619695783
4.760015011,5.137242794,0,-0.05584751815
4.763201237,5.137445927,0,-0.05539990589
4.766158104,5.137565613,0,-0.05497068912
4.76883173,5.137705803,0,-0.05458244681
4.771611214,5.137848377,0,-0.05416318029
4.774422646,5.138040066,0,-0.05373949558
4.777146339,5.138131618,0,-0.05331249163
4.78000021,5.138264179,0,-0.05286530033
4.782839298,5.138427258,0,-0.05240086094
4.785847187,5.138646603,0,-0.05190856382
4.789310455,5.138767242,0,-0.05131454393
4.79169178,5.138888836,0,-0.05090600997
4.793766022,5.138998508,0,-0.05053209886
4.797540188,5.13926363,0,-0.04985251278
4.801858902,5.139427662,0,-0.04903358594
4.803390026,5.139507771,0,-0.04874327779
4.804736137,5.13958168,0,-0.04847387224
4.809239864,5.139892578,0,-0.04757264629
4.814346313,5.140123367,0,-0.0464919135
4.815090179,5.140166283,0,-0.04633458704
4.815747261,5.140203476,0,-0.0461875312
4.820950031,5.140556812,0,-0.04502284899
4.826802731,5.140856743,0,-0.04363487661
4.826819897,5.140858173,0,-0.04363080114
4.826839447,5.140859127,0,-0.04362592846
4.832689762,5.141276836,0,-0.04215227067
4.837930202,5.141592503,0,-0.04075267166
4.838570595,5.141643524,0,-0.04058166221
4.839289188,5.141682148,0,-0.04037760943
4.844455719,5.142066479,0,-0.03891067952
4.849102974,5.14238596,0,-0.03751173988
4.85036087,5.142497063,0,-0.03713289648
4.851764202,5.142579079,0,-0.03668325022
4.856266022,5.142934799,0,-0.03524052352
4.8603158,5.143266201,0,-0.03386481851
4.8621912,5.14345789,0,-0.0332274735
4.864287376,5.143598557,0,-0.0324716568
4.868127346,5.143930435,0,-0.03108674102
4.871599674,5.144249439,0,-0.02975727059
4.874062538,5.14452219,0,-0.02881490998
4.876767159,5.144729614,0,-0.02771737054
4.880000114,5.1450243,0,-0.02640590072
4.88296032,5.145344734,0,-0.02513633482
4.885749817,5.145689964,0,-0.02393914945
4.888579369,5.145940304,0,-0.02265684493
4.891437531,5.146246433,0,-0.02136069536
4.894429207,5.146574974,0,-0.01993304677
4.89705658,5.146914005,0,-0.01868038625
4.899247646,5.147123337,0,-0.01758151501
4.902680874,5.147519112,0,-0.01585489884
4.907466412,5.148059368,0,-0.01332092565
4.908631325,5.148218155,0,-0.01270528883
4.909561634,5.148320198,0,-0.0121878311
4.914809704,5.149002075,0,-0.009261153638
4.920207024,5.149572372,0,-0.006093276199
4.920909882,5.149663448,0,-0.005680997856
4.921630859,5.149745941,0,-0.005235855002
4.926922798,5.150455952,0,-0.001967596821
4.932008266,5.15098381,0,0.001322469208
4.932928562,5.151100636,0,0.001917602378
4.933883667,5.151210785,0,0.002564837458
4.938976765,5.151895046,0,0.006017656997
4.943898678,5.152380466,0,0.009509121068
4.945199966,5.15253973,0,0.01043195184
4.946459293,5.152681828,0,0.01136464532
4.951584816,5.153360367,0,0.01516899653
4.95716095,5.153884888,0,0.01948359609
4.957445145,5.153915405,0,0.01970462315
4.957873821,5.153954029,0,0.02004969865
4.962968349,5.154531956,0,0.0241418276
4.967384338,5.154958725,0,0.02782166377
4.968514919,5.155089378,0,0.02876413427
4.969604015,5.155167103,0,0.02970202267
4.974209785,5.155603409,0,0.03367178142
4.979225159,5.155994892,0,0.03814164922
4.980000019,5.156069279,0,0.03883219883
4.980744839,5.156121254,0,0.03951894119
4.986010075,5.156599045,0,0.0443729423
4.991468906,5.156992912,0,0.04956481978
4.992021084,5.157040596,0,0.05009006709
4.992552757,5.157066822,0,0.05061131343
4.998040199,5.157413006,0,0.05599305406
5.003673553,5.15772438,0,0.06168472767
5.004021168,5.157746315,0,0.06203643233
5.004358768,5.157760143,0,0.06238650158
5.009999275,5.158053875,0,0.06823880225
5.015799522,5.158246517,0,0.07441451401
5.015910149,5.158250809,0,0.07453222573
5.016016006,5.158254147,0,0.07464780658
5.0218153,5.158499241,0,0.08096382767
5.027479649,5.158569813,0,0.08727117628
5.027672291,5.158576965,0,0.08748587966
5.027875423,5.158580303,0,0.08771688491
5.033518314,5.15876627,0,0.09412249923
5.038783073,5.158717155,0,0.100215286
5.039336205,5.158725262,0,0.1008555442
5.039921761,5.158729076,0,0.1015437469
5.045157433,5.158854485,0,0.1077045649
5.050113201,5.158756733,0,0.1136222482
5.050978661,5.158755302,0,0.1146561503
5.051882267,5.158746243,0,0.1157506779
5.056792736,5.158768177,0,0.1216963157
5.061497688,5.158626556,0,0.1274555475
5.062607765,5.158609867,0,0.1288142204
5.063753605,5.158581257,0,0.1302289665
5.06842041,5.15851593,0,0.1359905005
5.072931767,5.158328056,0,0.1416143477
5.074213505,5.158294201,0,0.1432120204
5.07552433,5.158226967,0,0.1448548883
5.079999924,5.158063889,0,0.1504629999
5.084389687,5.15784359,0,0.1559852362
5.085936069,5.157792568,0,0.1579304338
5.087574959,5.157696247,0,0.1599981338
5.091847897,5.157509804,0,0.1653885543
5.095854282,5.157240391,0,0.1704412252
5.097732067,5.1571455,0,0.1728077233
5.09971714,5.156992435,0,0.1753064394
5.103605747,5.156756878,0,0.1801981628
5.107252598,5.156452656,0,0.1847628057
5.109470367,5.156305313,0,0.1875403076
5.111845493,5.156085491,0,0.1904962361
5.115337372,5.155827045,0,0.1948436946
5.118578434,5.155502796,0,0.1988338083
5.121220589,5.155285835,0,0.2020875067
5.124108315,5.154973984,0,0.2055987716
5.127112389,5.154707432,0,0.2092528641
5.129855633,5.154382706,0,0.2125454247
5.133001328,5.154067993,0,0.2163197547
5.136461258,5.153647423,0,0.2203951925
5.138879776,5.153401852,0,0.2232423425
5.141055584,5.153101921,0,0.225746572
5.144776821,5.152661324,0,0.2300300747
5.148945332,5.15209198,0,0.2347212285
5.1506567,5.151896,0,0.2366465926
5.152168751,5.151657581,0,0.2382964045
5.156554222,5.151060104,0,0.2430835962
5.161542892,5.150315762,0,0.248356089
5.162431717,5.150204182,0,0.2492961884
5.163199902,5.150069714,0,0.2500775456
5.168310642,5.149291992,0,0.2552796006
5.174143314,5.148341656,0,0.2609686852
5.174160004,5.148339272,0,0.260984987
5.174179077,5.148335457,0,0.2610028386
5.179999828,5.147353172,0,0.2664070129
5.185622215,5.146333218,0,0.271356374
5.185750008,5.146313667,0,0.271468997
5.185904503,5.146282196,0,0.271596849
5.191471577,5.145311356,0,0.2762024403
5.196026802,5.144415379,0,0.2797170281
5.197163105,5.144224644,0,0.2805936337
5.198523521,5.143933296,0,0.2815634608
5.202836037,5.143143654,0,0.2846378088
5.206379414,5.142372608,0,0.286945343
5.208490372,5.14197731,0,0.288318038
5.211027622,5.141424179,0,0.2898041904
5.214112759,5.140856266,0,0.2916127145
5.216626167,5.140276432,0,0.2929157615
5.219721317,5.139648914,0,0.2945152819
5.223505974,5.138803482,0,0.2962030172
5.225299358,5.138459206,0,0.2970044613
5.226748466,5.138126373,0,0.2975462973
5.230852127,5.137276649,0,0.2990740836
5.235949516,5.1360569,0,0.3005779088
5.236410618,5.135962486,0,0.3007145226
5.236783028,5.135875225,0,0.3007953763
5.241934299,5.134834766,0,0.3019036949
5.246756554,5.133654118,0,0.3025442362
5.247471333,5.133502007,0,0.3026380837
5.248362064,5.133285522,0,0.3026789129
5.252985001,5.132322311,0,0.3028970063
5.256745338,5.131417274,0,0.3027437329
5.258494854,5.131038666,0,0.3026698828
5.260652542,5.130502224,0,0.3023840189
5.263963699,5.129808426,0,0.3019491434
5.266648293,5.129154682,0,0.3013482392
5.269385338,5.128593445,0,0.3007325232
5.272758007,5.127737522,0,0.2996598184
5.274748325,5.127323151,0,0.2990281582
5.276350975,5.126923084,0,0.298366636
5.28000021,5.126167297,0,0.2968589962
5.284490585,5.125096321,0,0.2945533395
5.285726547,5.124853134,0,0.2939189076
5.286907196,5.124569893,0,0.2931888103
5.291368008,5.123682976,0,0.2904263437
5.295970917,5.122579575,0,0.2870843709
5.296952248,5.122388363,0,0.2863719463
5.297881603,5.12216711,0,0.2855974436
5.302473068,5.121272087,0,0.2817685902
5.307309628,5.120110035,0,0.2772032917
5.307983875,5.119981766,0,0.2765667737
5.30862999,5.119827271,0,0.2758874297
5.313456059,5.118922234,0,0.2708065808
5.318515778,5.117711544,0,0.2649184763
5.318958759,5.117630005,0,0.2644020915
5.319394588,5.117526054,0,0.2638450861
5.324403763,5.11661768,0,0.2574390471
5.329595089,5.115391731,0,0.2502321601
5.329901218,5.115337372,0,0.2498066574
5.330206871,5.115264893,0,0.2493468821
5.335334301,5.114360332,0,0.2416289896
5.340565205,5.113136292,0,0.2331475019
5.34080267,5.113095284,0,0.2327620089
5.341044426,5.113039017,0,0.2323427647
5.346236229,5.112164021,0,0.2233367413
5.351410389,5.110971928,0,0.2137643993
5.351747036,5.110916138,0,0.2131399065
5.35210371,5.110834122,0,0.2124365866
5.35724926,5.110033512,0,0.2023020387
5.362105846,5.108921051,0,0.1921596378
5.362891674,5.108798027,0,0.1905151755
5.363753319,5.108601093,0,0.1886092126
5.368553162,5.107914925,0,0.1780177802
5.373049259,5.106911659,0,0.167553097
5.3743186,5.106730938,0,0.1645960361
5.375655651,5.106425762,0,0.1613173336
5.380000114,5.105846882,0,0.1506689936
5.384595871,5.104857445,0,0.1388339549
5.38636446,5.10462141,0,0.1342785805
5.388267994,5.104212761,0,0.1291211247
5.392688274,5.103688717,0,0.117152229
5.396605015,5.102886677,0,0.1060369089
5.399175167,5.102606297,0,0.0987399295
5.402454376,5.101940632,0,0.08898033947
5.406045437,5.101633549,0,0.07830968499
5.408557892,5.101169586,0,0.07052145153
5.413440228,5.100895405,0,0.05530044064
5.419400215,5.099859715,0,0.03593373299
5.421318054,5.09963131,0,0.02961544506
5.427815914,5.098810673,0,0.007545622066
5.428759098,5.098716736,0,0.004291376099
5.435332298,5.098047733,0,-0.01885747723
5.435726643,5.098015785,0,-0.02026761323
5.441253662,5.097562313,0,-0.04042977095
5.442228794,5.097510338,0,-0.04398588464
5.44230938,5.097505093,0,-0.04428314045
5.448192596,5.097318649,0,-0.06631609797
5.448963165,5.097271919,0,-0.0692531392
5.453275204,5.097241402,0,-0.08579150587
5.456134319,5.097083092,0,-0.09697388858
5.458589554,5.097298145,0,-0.1065767631
5.459835529,5.097312927,0,-0.1115113124
5.466768265,5.097348213,0,-0.139357999
5.467738152,5.097453594,0,-0.1432799101
5.469665051,5.09729147,0,-0.1512055695
5.474076271,5.097976685,0,-0.1693401337
5.478112698,5.100183964,0,-0.1862346828
5.478425503,5.101102829,0,-0.1875351667
5.479785442,5.105865002,0,-0.193258509
5.479827404,5.106018066,0,-0.1934386343
